1
3
64 2
9.5741538001e-01  -9.8747270728e-01
3.5443313051e-01  -5.2884728820e-02
3.5560655207e+00  7.4270666924e-01
-3.7552606586e-02  8.3330527979e-01
4.7105224267e-01  9.3726673099e-01
5.0168347198e-01  -2.3789700563e-01
-3.7611473614e-01  5.6394494545e-01
-5.9356662831e-01  2.6318986035e-02
4.3375788220e-01  -3.6605838050e-01
3.5976156666e-01  2.1663410563e-02
-1.8601243916e-01  5.8388416234e-01
-1.1464855850e+00  -1.4464041545e+00
2.8435184590e-02  -6.0398796262e-01
1.0285518671e+00  -2.2972637862e-01
-8.1086062412e-01  -1.1581810271e-01
2.5730549648e+00  -3.4297454999e-01
-5.0259879617e-01  2.2562856040e-01
1.3877239265e+00  -1.0013768210e+00
-7.7083027594e-01  -1.1280925792e+00
2.3669197650e-01  2.8898218603e-01
5.6704726822e-01  2.4372019755e-01
2.8654018447e-01  1.7266269372e-01
5.2143301279e-01  -1.2364173958e+00
4.5948640066e-01  -1.4167204194e+00
1.0496316119e+00  2.0103415773e+00
-6.0240971104e-01  -3.0069157307e-02
6.1105052187e-01  1.5594285334e+00
2.3611764123e-02  -3.1029244017e-01
6.0364123535e-01  9.4350540943e-01
1.9953780944e-02  1.5121156033e+00
7.1763234527e-01  4.9342373268e-01
-2.4239713981e-01  -2.6382259786e-01
1.5673012679e+00  -6.8501192887e-01
4.4102322886e-01  2.6777564040e-01
2.5916386750e-01  -8.5597741140e-01
-2.5444743479e-03  -3.7660434553e-01
7.0268835573e-01  2.3481509233e-01
1.3660812249e+00  1.8900825869e+00
-4.7969174588e-01  1.5718677072e+00
-4.4470275367e-01  1.0848576351e+00
-1.0246741718e+00  1.4853018199e+00
-4.9481716646e-01  -2.6858802768e-01
-2.5096386200e-01  -3.7371191902e-01
1.2508636959e+00  -1.6708797888e+00
4.5888793444e-01  3.1609137938e-01
-6.9081267958e-01  -3.1812880042e-01
-5.5018348835e-01  -1.9087192067e-01
7.5291840085e-01  -1.6854771244e-01
3.6760700746e-01  1.3729031021e-01
1.4206674468e+00  -8.2199892584e-02
-7.4232016916e-01  3.8984314495e-02
4.0664395151e-01  -4.9505364271e-01
1.0325651763e+00  -1.5025249525e+00
-3.1185119522e-01  1.0409794660e-02
9.9733398641e-01  1.3067609790e+00
9.5509141744e-01  2.3955893837e-01
8.1852334426e-01  5.5934911528e-01
5.5041219327e-02  -9.7842033970e-02
2.8271726563e-01  6.2251363971e-01
-2.6989282005e-02  -3.5344272280e-01
9.2538828421e-01  -1.9960659038e-01
4.2612452105e-01  2.4497004407e-01
6.3980313398e-01  6.5199840526e-01
5.2937401351e-01  -1.3741964339e-01
-3.7217780131e-01  -1.9005647986e-01  3.3307576840e-01  7.4398730639e-01  2.5484474521e-01  -4.4855960813e-01  2.9376276796e-01  4.8851094601e-01  -1.7986222471e-01  -2.1350515339e-01  -5.3199948941e-01  -1.9123328226e-01  2.5918261634e-01  6.1256154186e-01  -6.3076448919e-01  -4.7090975822e-01  -3.2472145186e-01  1.4257890237e-01  5.4004725625e-01  -2.4601600805e-01  8.0029683205e-01  1.5451050731e-03  -4.0762996225e-01  -1.4591432144e-01  -1.7612711475e-01  -7.5073834597e-01  -2.0866162786e-01  6.1722766604e-02  -3.2328052327e-01  3.6932237286e-01  -2.0113547559e-01  2.5531350281e-01  -4.1856597193e-01  -3.9195007731e-02  3.5607863134e-01  -1.4918879158e-01  6.7860613919e-01  1.0982796566e-01  -1.0957249960e-01  1.8643123657e-02  4.1110755846e-01  -1.7293112053e-01  3.6995765401e-01  5.7640303942e-01  9.5330414378e-01  -2.2746340452e-01  -4.1537664571e-01  5.3984280539e-01  -4.3148256737e-01  6.8357001261e-01  -9.0310463725e-01  1.5048260740e-01  1.8014247685e-01  -2.6902563807e-01  4.2643946976e-02  3.9431648071e-01  5.2685656273e-01  1.1716457289e-02  -4.1546660497e-01  -5.9696775894e-02  9.9573191164e-01  4.9243682413e-01  -1.1550367784e-01  -4.8461441803e-01
64 64
-2.0472478720e-01  -4.6696560972e-02  1.9035872991e-01  6.2789913193e-01  5.8953680318e-02  -1.5700023206e-01  1.8439809127e-01  -7.1543511804e-02  -4.1073318976e-01  -2.9397146001e-01  -2.2026198873e-02  1.3898460542e-01  -3.5083638981e-02  -2.2520617850e-01  -7.6610206215e-02  1.2834191546e-02  6.7683405193e-03  -2.0615434021e-01  -5.1235725843e-01  -2.9611683309e-01  -2.2232014491e-01  1.1433570026e-01  -1.8987129511e-01  -6.2372116260e-01  1.8205321090e-01  2.7855270360e-01  -6.4331553825e-02  -3.1788824324e-01  3.6941024214e-01  1.0494861891e-01  2.6135081957e-01  1.3083823902e-01  2.6170091252e-01  5.1959206104e-02  -1.9445857494e-01  -3.3816987725e-01  -1.4780565744e-01  -5.1562860054e-03  1.9134958807e-01  3.2555970512e-01  1.1816816254e-01  3.3827441869e-01  3.2507578415e-01  -9.0808275214e-02  3.0479820396e-01  2.6096016082e-01  -2.4861580921e-02  1.7929761179e-02  -1.4841083831e-01  2.9383110155e-01  -7.8595431945e-02  -3.8375123826e-01  -1.6648277929e-01  -8.5641951706e-02  -1.0099549171e-01  -2.4303462465e-02  -7.6316809762e-02  -2.2877088170e-01  4.7240147878e-02  -1.0729998814e-01  -2.0741203247e-01  -1.4155001176e-01  1.9065496936e-01  7.6481462792e-02
2.3830486167e-01  1.3246528111e-02  1.4338340427e-01  3.7617102763e-02  1.0724769169e-01  -3.2609347252e-03  4.1746161028e-01  -1.1474297691e-01  -1.8475481903e-01  2.3609937409e-02  -1.7240751886e-01  3.0271084222e-02  -5.0611718314e-01  -1.7154202866e-01  -1.1964708226e-03  -3.4723434777e-01  7.0753177945e-02  -3.4798539929e-01  5.6709039133e-03  2.2014768220e-01  2.1878900140e-01  3.3846452630e-01  -2.8904066483e-01  -1.6981244607e-01  -1.1163743256e-01  1.5508915285e-01  4.8679652243e-02  -9.3233044697e-02  3.1982453768e-03  1.8383332949e-01  -1.9947281729e-01  3.8204720689e-02  5.1402431272e-02  2.2140057613e-01  -2.2308300973e-01  -1.1648734480e-01  2.0725624892e-01  -2.3787756532e-01  3.3804786751e-01  2.0383444241e-01  2.8577979407e-01  1.3901435295e-01  -1.2100795186e-01  -1.3081157556e-01  -1.8489851776e-01  -2.9193795427e-01  1.8488646353e-02  2.0046988747e-01  5.9887782108e-03  -3.8186999911e-01  -8.4186902455e-02  -1.0652430104e-01  -2.8923912457e-01  -1.6992500477e-01  -1.2432255662e-01  -2.8374666497e-01  3.4742564206e-01  2.4732504012e-01  -1.2401579780e-01  -8.7725440075e-02  -1.2002975584e-01  5.7518271485e-03  4.0003034339e-02  5.4945349282e-03
2.2891763618e-01  1.9793469027e-02  -1.6180465176e-01  -4.3184835076e-01  1.6988251569e-01  -2.0762579699e-01  -3.1787968001e-01  3.6079934595e-02  3.2875204565e-01  -4.7675309932e-02  3.4903205692e-01  5.6147679877e-02  -1.4742230536e-02  -2.4998660889e-01  3.4932593531e-01  8.3431531670e-02  -1.5880693455e-01  -4.6645157369e-01  -4.4284547369e-01  2.4583712042e-01  -1.3940761128e-02  4.7060584420e-01  -7.6706002920e-02  6.6697021437e-02  4.0844995121e-01  -2.3406925725e-01  3.5244874495e-01  -1.0567797917e-01  1.1315880069e-01  -3.7116795451e-01  1.6682750279e-01  -3.5181393549e-01  -6.0907490169e-02  3.6676483457e-01  -6.5175138554e-02  -3.6889358529e-02  3.4289445584e-01  1.1811249509e-01  -1.5024840147e-02  2.3538584606e-01  -4.6318912749e-02  -1.5120719899e-01  -4.2339899539e-01  -1.9712405847e-01  2.3595382401e-01  -1.0443316131e-01  1.9717144900e-02  -1.6447346428e-01  4.1151817512e-01  -3.0677655011e-01  -1.5787590321e-01  -6.4044318150e-02  -3.3472995301e-01  3.4397125853e-02  2.5012941217e-01  7.1467510191e-02  1.1457431155e-01  -1.7546848419e-01  3.7603092952e-01  1.8784220218e-01  -1.0210142946e-01  2.5452444581e-01  6.7578740412e-02  1.3311740447e-01
-2.5664354439e-01  -5.0292906515e-02  2.3513026953e-01  2.1192331112e-01  4.2206619194e-01  -6.6886187004e-02  3.0413967463e-01  2.3187629009e-02  -4.3385538153e-01  -8.2571554172e-02  -1.3357846450e-01  -1.0081749581e-01  -2.9140084376e-01  -2.1432890782e-01  9.9125803823e-02  4.1770587307e-01  2.6354415915e-02  -1.0695353579e-01  -4.5703474320e-01  3.6076827136e-01  2.9115179065e-01  -3.1050333532e-02  -2.1684913868e-02  -2.3311060675e-01  -1.8763115364e-01  -1.5586368785e-01  1.8370935769e-01  -4.0790602616e-02  -9.0032744778e-03  2.9396316849e-01  -7.0979748795e-02  2.1069293626e-01  -2.3337611815e-01  -1.0131137349e-02  5.0240730942e-02  -1.3691272229e-01  -5.5802714890e-02  -2.0424394349e-01  2.9965615060e-01  3.9267531052e-01  2.1238785062e-01  -2.5087243783e-01  -1.5685507963e-01  -2.9846435048e-01  4.0038280512e-01  -1.1547569030e-02  -9.0063357432e-02  5.1161893805e-02  6.4963354822e-02  -8.2162513297e-02  -1.1218434229e-02  2.0996109243e-02  1.9038569182e-01  -1.0171387216e-01  6.4559357316e-02  -1.3056184436e-01  -8.6797260142e-02  1.6328296657e-01  -1.1198715767e-01  -2.9363413135e-02  -3.5912742341e-02  2.1098978721e-01  -3.4592234500e-01  2.0873717804e-01
-1.7973512959e-01  2.3259829980e-01  -5.5953158683e-02  -1.6387455460e-02  -1.0800159127e-01  -5.4232963175e-03  -2.2390324787e-01  1.6158450043e-01  1.0302267920e-01  -3.2563349948e-02  2.9726417735e-01  -2.4128687342e-01  -1.8148900568e-02  -2.5515972195e-01  3.3060516372e-01  2.0807691768e-01  -4.9856692081e-04  2.1423680815e-01  6.4172977242e-02  -3.4301884968e-01  -1.0840108152e-01  -2.9865577086e-01  8.9562557023e-02  1.2333592028e-01  2.6776238107e-02  2.0803658051e-01  2.6909141344e-01  5.8680737779e-02  -2.9341721553e-03  -2.4096607389e-01  -6.4022111699e-02  2.0800014824e-01  3.5050851030e-01  -3.8354706146e-01  3.8213894435e-02  1.5906684534e-01  -3.1194994940e-01  2.7844052618e-01  -5.8933522647e-02  3.0998467464e-01  -7.1165052202e-02  2.4386832511e-01  -3.1426497448e-02  -2.8697705262e-01  -1.7522156977e-01  1.9313301412e-01  5.5219748237e-02  -1.1185390627e-01  -7.7851969794e-02  -1.8337436889e-01  1.4142696020e-01  1.0466665202e-02  -7.5991091449e-02  3.4814609959e-01  4.7039005693e-02  -3.8340609822e-01  -2.1374255638e-01  -1.8334128850e-01  -1.2005435339e-01  2.9807582654e-01  -2.3146003406e-02  -2.7826028717e-01  -1.2024429939e-01  -7.6484357497e-02
-6.5469737004e-02  -2.1958698048e-01  -2.7218102464e-02  -3.8987929271e-01  1.0445517383e-02  -3.3690327783e-01  1.1164892685e-01  2.5516466103e-01  -2.2740831025e-01  -2.1461347192e-01  2.6103876183e-01  -3.0734564334e-02  -1.3993069986e-01  -2.7982346069e-01  5.2359465853e-01  -8.3131813508e-02  2.0354530666e-01  9.0131762418e-02  3.4305138986e-01  3.4715812501e-01  -4.1707017213e-01  1.7519571718e-01  7.1564519623e-02  -1.5716184293e-01  1.6213966791e-01  -1.5527513230e-02  1.8724160472e-01  -7.4080845864e-02  1.4474120188e-01  1.0447271045e-01  -2.3774380942e-01  -2.4244847719e-01  -6.0711239578e-03  -1.1574122852e-01  9.6571018034e-02  -9.6447260754e-02  -2.5127397626e-01  4.1022598475e-02  -3.5611955851e-01  -2.5328113590e-01  -2.4418081851e-01  -3.5782282967e-01  4.6046038805e-02  -1.8036111572e-01  -3.3732174891e-02  2.2001715727e-01  2.9845451184e-01  -1.1596044018e-02  -3.1380688175e-01  -2.2496496198e-01  -1.6335110071e-01  -2.2120178641e-01  2.5748370763e-01  2.0676882868e-01  1.3976913297e-01  -3.4535307484e-01  -1.3210902415e-01  5.5725327471e-02  -1.6511738883e-01  -7.9084387070e-02  1.8275845863e-03  8.1512377206e-02  4.6199351275e-02  -8.7844764455e-02
-4.2734597479e-02  -3.9040851074e-01  4.7301905099e-01  -1.3983049992e-01  2.7237727380e-01  -5.5955974281e-01  1.2332446218e-01  2.7044779619e-01  -2.7444594350e-01  -4.7786839300e-01  -1.7265248477e-01  -1.9805620521e-01  -6.8628710557e-02  -1.4815946844e-02  2.6327283848e-02  9.9461505625e-02  2.0224772814e-01  -7.6128321574e-02  -8.6075658076e-02  -6.8215438072e-01  -3.7629038308e-01  -3.8204929860e-01  4.2335206065e-01  -1.9837312816e-01  3.2680633252e-01  3.4872517448e-01  1.0836543715e-01  3.2658262779e-01  2.5821940942e-01  4.9950741898e-01  9.5637229481e-02  4.9639631974e-01  2.4822992518e-01  -1.6903415317e-01  3.1319058116e-02  9.9050808640e-02  -2.4492688114e-02  2.8557304903e-01  1.2005708019e-01  1.2144186030e-02  3.9177672709e-01  1.2084612721e-01  5.2742754175e-02  6.9238189704e-02  -1.3176234874e-01  -1.2056012109e-01  -5.3378455903e-02  -7.8043298104e-02  -1.6766456578e-01  -1.0373622743e-01  2.1752747733e-01  -1.7691209173e-01  -1.6323775534e-01  2.6394363111e-01  2.2471690221e-01  1.5484164341e-01  2.4547150228e-01  1.5644521695e-01  1.4869621366e-01  6.8834330695e-02  -1.0231887291e-01  -1.8134388395e-01  -2.0696927234e-02  -1.9320241388e-01
-9.5305832642e-02  2.6202146990e-01  1.0045733536e-01  2.1848087490e-01  -1.1017565491e-01  3.4431345063e-01  7.6441324750e-02  -2.2420159897e-01  -4.4081196123e-02  1.4301902707e-01  7.3630705291e-02  4.6030738861e-02  -1.5824055381e-01  6.1674735414e-01  -4.0753788502e-01  2.4588380857e-01  -5.2421973228e-01  3.0445843777e-02  1.2969490515e-01  2.3219591177e-01  2.5944996859e-01  2.6908653676e-02  -1.2689468449e-01  2.2613786719e-01  6.1100610039e-02  4.4514829762e-02  2.9067459268e-01  1.2154585213e-01  -6.9248828058e-02  -4.5602054380e-02  1.7063032387e-01  1.1523005891e-01  4.6765238422e-01  1.7488766672e-01  5.8359082618e-02  2.8396743915e-01  1.4071633943e-02  1.8908765745e-01  -4.5218098015e-02  1.7135303888e-01  1.5005589480e-01  -4.4304398594e-02  -2.6429201865e-01  1.4866483398e-01  2.8402540500e-01  -2.1280280554e-01  -2.5439264819e-01  4.4359968618e-01  -1.2085631723e-01  2.9046141177e-02  -3.7222356616e-01  -2.0665067454e-02  1.5346425896e-01  -3.8065962991e-01  2.5884252310e-01  2.8058831330e-01  3.1243131771e-01  2.7382717040e-01  -1.3186304741e-01  -2.0658126033e-02  4.5551909893e-01  1.5754097401e-01  -1.7352245704e-02  1.2744810091e-02
1.2538983051e-01  -1.0076998997e-01  1.6898834600e-01  -3.6081789776e-02  6.4695166744e-01  1.9957842599e-01  -5.3490441013e-02  1.6743122523e-01  -2.7690529989e-01  -2.5296395277e-02  7.0831932225e-02  -5.6541609374e-01  -3.6567152540e-01  1.6926346570e-01  3.8983754644e-02  -3.2188985117e-04  1.1570325411e-02  2.3090879103e-01  -3.8380001332e-01  1.5266416223e-01  3.8551562870e-01  -9.5562199557e-02  -2.2554686525e-01  5.1181610623e-02  3.0963471551e-01  -1.7689769886e-01  2.7013751285e-02  2.0824722758e-01  4.1695745282e-01  -3.4678818556e-02  -2.1938017106e-02  5.6159312440e-02  -5.1259556274e-01  -1.5387659443e-01  -7.5517234734e-02  3.2082869039e-01  5.9693271912e-02  5.2779616299e-01  -1.3711005506e-02  1.0214709462e-01  -1.7198219807e-01  -2.4463071042e-01  -2.1785543695e-01  -4.6293696483e-02  9.6276876901e-02  -5.6359141795e-02  -4.0030043070e-01  4.5481333539e-02  -2.3346175915e-01  1.6844995997e-02  -8.0238194901e-02  1.1229991488e-01  -2.9925265695e-01  1.6759060953e-01  2.8789976425e-01  -1.5314644546e-01  -1.6261173684e-02  -9.1024625784e-03  2.8773262081e-01  3.4178603736e-02  1.2216817614e-01  5.4895809729e-02  -1.8443780510e-02  -8.1947602406e-02
-3.7771216821e-01  3.1493037231e-01  -9.3277483958e-02  -3.4153962848e-01  -2.7243471079e-01  -2.9997413922e-01  -1.4094571729e-01  8.6291571459e-02  -3.7988856316e-01  1.9912301527e-01  -2.2687527329e-01  7.4233771680e-03  3.4808255825e-02  -1.9280065658e-01  5.7179781992e-02  -3.6928736680e-01  2.0333685129e-01  -2.2653026386e-01  1.7512055237e-01  -6.7319386031e-01  2.2765910393e-01  -2.6103401648e-01  1.5173667976e-01  2.9710966484e-01  -3.4715676819e-01  -4.1881790216e-01  -1.2618512233e-01  1.0216602992e-01  -1.8635358167e-01  -6.3279211920e-02  7.7217430448e-02  5.0924444693e-01  -3.6097943482e-01  -1.7545014964e-01  2.2657364911e-01  3.9779191892e-02  2.1756775581e-02  -3.8110182680e-01  1.4689343204e-01  1.6847556894e-02  7.7693101379e-02  1.6528006259e-01  8.6975024021e-02  1.9427087485e-01  1.5716367056e-01  1.9469217517e-01  -1.0148745674e-01  2.4223993389e-01  -5.8926470585e-01  -2.1197761119e-01  -2.5591478407e-01  -1.4220284024e-01  1.4269335493e-01  -4.2393661515e-01  -2.5359620275e-02  -2.1303742302e-02  -2.0516988966e-01  4.1987179444e-01  -3.9576357163e-01  2.1909881458e-01  2.7105440064e-01  -3.1306441120e-01  -3.3670716133e-01  2.0294320344e-01
7.0076298428e-02  1.0243786232e-01  -1.7336288512e-02  -1.3861767604e-02  -2.6702382193e-01  1.5330600124e-01  -1.4267982214e-01  -5.8356015162e-02  -2.0886546886e-01  -3.0045647558e-01  -1.4911235294e-01  1.8754928599e-01  2.1783848982e-01  -1.3445748526e-01  -5.2769688838e-02  -2.1716376156e-02  -2.0035032199e-01  9.1885225773e-02  -1.1519610363e-01  -2.4256968230e-01  -2.3015422261e-01  -2.3350265905e-01  3.9844825660e-01  7.0085687661e-02  -1.4550196802e-01  1.1954746496e-01  8.8414561056e-02  9.9289822277e-02  1.1392713864e-01  -3.2866753276e-01  9.4993581873e-02  8.3162463555e-02  9.7502103946e-02  4.8756133480e-02  1.6094092745e-01  2.6298277077e-01  1.1377623934e-01  -2.7803348536e-01  -4.8178283918e-01  -5.8632285426e-02  -4.2622542627e-01  -1.9804526234e-01  3.9570820903e-01  3.4669126510e-02  -3.1586314209e-02  4.8758012942e-02  7.0072294845e-02  -6.8804113816e-02  -8.3773810211e-02  3.9177205732e-01  -2.5373533171e-01  -8.0135144861e-02  -1.0917026305e-01  -6.5769275411e-02  -1.9571167941e-01  2.3845814191e-01  2.6747605988e-01  -2.4886422965e-02  -3.4251652095e-01  4.3587550033e-01  -1.1758025466e-01  -2.6579231077e-03  3.6844155291e-02  -1.5208275888e-01
-7.7565998833e-02  2.1491127850e-01  1.5615749816e-01  -4.7642445009e-02  1.4935466356e-02  -2.6533527605e-02  1.5423944630e-01  1.9551073403e-01  -7.5510757863e-02  4.2333750380e-01  -1.5612996167e-01  -7.6670795545e-02  3.5753209691e-01  1.3769864313e-01  -5.9431610784e-02  -1.0268671201e-01  2.9546030600e-02  5.5018185851e-02  1.2454182960e-01  -3.4152485505e-01  4.0104424105e-02  -1.3980199457e-01  2.3725870810e-01  1.5926276788e-01  -3.4256902575e-01  1.5374981957e-01  1.7241887091e-02  2.1281262161e-01  -4.2290233338e-01  -2.8258679092e-01  -1.3225057458e-01  2.1751238551e-01  7.7053453447e-02  -1.5305574072e-01  2.0809354746e-01  1.6250439013e-01  7.5510816485e-04  -6.5037810399e-02  -2.4109600817e-02  1.1818853990e-01  -5.1824827186e-03  -1.4992224989e-02  1.3035641557e-01  1.7411922411e-01  -4.9723706113e-02  -1.6114534913e-02  -8.3495659319e-02  3.8050718106e-02  -5.5252741228e-02  5.7674785630e-02  1.1531672617e-01  3.5308378755e-02  1.6116508671e-01  -6.4271144068e-02  -1.5634013858e-01  -5.5871151549e-02  -2.9776937143e-02  -7.3163480106e-02  -2.4924424311e-01  2.3822371880e-01  -3.0445293053e-01  -2.2400313264e-01  -1.7957134705e-01  1.2319342876e-01
-6.7616522401e-02  -1.1490818850e-01  -2.1030287420e-01  -1.6602653731e-01  -4.5361947078e-01  -1.0347265817e-01  -5.5777811685e-02  -1.6767499463e-01  -5.9375774987e-02  -3.1074009200e-01  2.4166122023e-02  7.3563123783e-02  5.8249167536e-01  -2.3468361293e-01  3.3140289122e-01  -2.7324837471e-01  -1.4772625394e-02  -6.0864804553e-03  1.9146563282e-01  -6.5847702230e-02  3.9885274290e-02  -3.4617626394e-01  -2.5285130353e-02  -2.1553324030e-01  -3.7782703435e-01  3.6650633051e-01  -4.2799577734e-02  1.8000754776e-01  3.7455913036e-02  -1.6314016482e-01  2.0047953929e-01  1.1282607766e-01  -5.1467842555e-01  -9.6656175307e-02  1.8339266803e-01  -1.7196583440e-01  -2.4025404013e-01  1.7504272220e-01  9.0676064893e-02  -2.6810490649e-02  -1.2240211315e-01  1.4595662061e-01  1.2973468632e-01  1.3634993289e-01  -7.7988208493e-02  4.1839911780e-01  2.7825916680e-01  -2.2042134565e-01  -1.7691893177e-01  -4.0748129339e-01  2.3672502669e-01  -1.0279366240e-01  -4.9544690639e-01  1.0932505654e-01  1.6422382582e-01  -5.6366476593e-01  -2.8668158245e-01  -9.0456274081e-02  -9.3363613461e-03  2.1242515074e-02  -2.5765469820e-01  -5.4818502760e-03  1.8162925893e-01  1.1975699974e-01
-3.9016679597e-01  -3.2033872232e-02  -7.4731781571e-02  5.5578545294e-01  2.1221118321e-01  -1.6991365019e-01  1.9502290387e-01  1.5386686661e-01  -2.3003725258e-01  1.5414870032e-01  -2.2852304065e-01  -4.8238703194e-02  1.6994267693e-01  -1.8799632931e-01  -1.0327450069e-01  -7.2727821029e-02  2.5728625412e-03  -4.0423433808e-01  2.4153875362e-03  1.4107103802e-01  5.8038840217e-01  4.8226511147e-01  1.8436035162e-01  4.2378878599e-02  7.4469707592e-02  -9.0451706237e-01  1.8184418825e-02  2.6212743488e-01  -2.9391907635e-01  -1.9026218445e-01  -1.3019236362e-01  -1.4423228436e-01  -2.3000820935e-01  1.8148669915e-01  -3.3731636334e-01  -4.0683050389e-01  3.2585751898e-02  -1.9628296538e-01  -1.2146158972e-02  4.7225749775e-02  -1.8094283010e-01  -7.5446416324e-02  -1.4902043857e-01  2.5599489210e-01  1.6418213869e+00  3.7308206542e-02  -2.0937289441e-01  1.9865384034e-01  -1.1683584060e-01  -3.4297963791e-01  -8.1337547894e-01  3.6214141752e-03  1.5135548898e-01  -1.8925185556e-01  -2.0494171879e-01  -6.5369854287e-02  2.0339082989e-01  -4.9865996564e-01  9.8066870575e-03  -4.4903305080e-01  4.3958507199e-01  5.0990741797e-01  -2.7796821230e-01  -3.1525308901e-01
7.7875464065e-02  -1.1037541675e-02  -4.7557361723e-02  5.0521769594e-02  -3.4730467759e-02  -3.8541284067e-02  3.3881854138e-01  3.3936395967e-02  -1.9923018388e-01  4.1626674725e-02  -3.6739773566e-02  2.4392432194e-01  -7.1865320541e-02  -4.5272957768e-02  1.8966106358e-01  -2.1242756198e-02  -1.7348380028e-01  1.1655190808e-01  1.3796677668e-01  -2.8134659730e-01  -2.8269630089e-01  1.3879033471e-01  6.7201112348e-03  6.8878989882e-02  1.4257291852e-01  2.1780034925e-02  -3.8552532584e-02  8.3468431249e-02  -3.6612361052e-02  -1.6089599992e-01  3.8712052666e-03  1.4602067243e-01  -5.8299853208e-02  3.0058520289e-01  -4.5651451065e-02  1.7742646407e-01  -1.3378250455e-01  1.5455756292e-01  2.1721337970e-01  -1.3214232400e-01  2.1902775692e-02  -6.1362828533e-02  -1.0369438266e-01  5.8395596485e-02  6.7637494797e-02  -6.7443389173e-02  -2.2707322077e-01  1.2865385393e-01  -8.3224946793e-02  2.0088890090e-02  -1.4975040280e-01  1.8413995148e-01  -1.7144158535e-01  -2.9513987260e-01  1.1610328373e-02  -5.9014764849e-02  1.7869211586e-01  2.2661938621e-01  1.3333109127e-01  1.6567643529e-01  -2.2362484886e-01  2.5879237748e-01  -1.0506931768e-01  -2.0400160802e-01
-3.1121787909e-02  -3.8299424085e-01  -7.2889730925e-03  1.9256638713e-01  9.0871826197e-02  -4.5777564977e-01  2.0046283109e-01  8.6500875643e-01  -3.1768527567e-01  -6.6935565685e-01  -7.4711459938e-02  3.9746977028e-02  4.2828162802e-03  3.7185227429e-01  -1.1076171628e-01  -1.6262803074e-01  -6.4123301900e-02  -4.2682796866e-02  8.1842543646e-02  -2.6541819890e-01  4.3987053710e-02  -1.8732856437e-01  -5.9884203755e-01  1.1266979087e-02  3.9230946897e-01  -9.8343723306e-02  -4.0104107677e-02  -1.3364285028e-01  1.2891753211e-01  -7.0568790963e-02  -1.7883111208e-01  1.5892491421e-01  -7.2365851748e-02  -2.3972075257e-01  3.3162650098e-02  -1.6805104521e-01  -1.4351355865e-01  -1.5922199913e-01  -1.1215979542e-01  -1.0768815874e-01  -1.0240741441e-01  1.9484420869e-01  3.1867694735e-01  -6.1024603132e-02  1.4784509850e-01  3.3622060374e-01  -7.9571361283e-02  -1.0334807998e-02  -8.4684896143e-01  -9.8449384405e-02  -2.1510207109e-01  2.8708120533e-01  4.0509811682e-02  1.2281546367e-01  3.2705716735e-02  3.9917504266e-01  -7.1508439323e-02  -9.2268841342e-02  -7.5012569641e-02  2.1582036685e-01  4.5239914884e-02  -3.2728626693e-01  -4.4253008897e-01  -3.9908830230e-01
-7.6279314808e-03  -9.2432284748e-02  3.5020458638e-02  1.8856822804e-01  4.3857398294e-03  2.7823448581e-02  1.6268667652e-01  9.2865010784e-02  -1.0011749886e-01  -3.9171355482e-02  2.7219462899e-02  1.6029166484e-01  3.6603871060e-01  -1.6019698834e-01  1.0937431832e-01  -7.3423072514e-03  -5.5847390672e-02  2.6438711375e-03  9.4180738469e-03  3.3918558681e-01  -2.0119423300e-01  4.0705680436e-01  2.6349527831e-01  -8.5050237438e-02  6.5118964239e-02  -2.2323434439e-01  4.4177208942e-02  -1.9501384017e-01  1.5333539990e-01  -8.0338204825e-03  -1.0881181940e-01  -1.0062314674e-01  -1.9147428255e-01  -1.0885387168e-01  8.7291584725e-02  -2.2069823698e-01  2.1045503742e-01  3.3249256532e-02  8.2629612153e-02  -9.4900838112e-02  -1.1586978816e-01  4.4323813937e-02  1.7849242895e-01  -1.4423071994e-02  2.6669887296e-02  -5.8915710518e-02  -3.1258515792e-01  -6.8756740593e-02  6.0404866429e-02  -1.0804976461e-02  -4.1980852051e-02  8.1791458257e-02  -6.4841127729e-02  3.2432767084e-02  -9.1987134181e-02  9.5967551074e-02  -3.2929835435e-01  8.3769184958e-02  -1.7281560637e-02  2.7136449578e-01  -1.2400610663e-01  1.8132446681e-01  5.0105746753e-02  2.2643119499e-01
-2.5427446994e-01  -2.2750091213e-02  3.3429669492e-02  3.9042954698e-02  9.9398523076e-02  1.9386206607e-01  5.4854983998e-02  -2.1728110936e-01  -9.0591237430e-02  4.8271007892e-01  -2.0384928488e-01  7.5420399776e-02  1.7361050524e-01  1.7645491081e-01  -9.4407237758e-02  1.4872585233e-01  2.3820618423e-01  8.6707732533e-02  -1.8575457156e-01  -1.2981444636e-01  -1.8160827468e-01  -7.7510160069e-02  2.4553818149e-01  8.4534420359e-02  5.1641950915e-02  6.9217848199e-02  2.3069286414e-01  -2.6195516404e-01  -6.6329771640e-01  -6.1032388676e-02  -7.2559992370e-02  -1.3757712285e-02  -1.7250763827e-01  -2.9972800295e-01  3.0127547413e-02  -5.8096259392e-02  -1.3133589550e-02  2.6397623912e-02  1.0424416013e-01  6.5962263843e-02  -6.9753121758e-02  1.3878100069e-01  -2.5107486263e-01  -5.6908945786e-02  2.5121512785e-01  2.2586201131e-01  -2.1174535727e-01  -1.4784514540e-01  2.5319460012e-01  -9.0974855354e-02  -3.1032545137e-01  -8.2989974450e-02  -5.1398000288e-03  2.7575945847e-01  1.2341840524e-01  -9.8293453976e-02  -5.4949894851e-02  6.8237107800e-02  1.1639513147e-01  -2.4275689723e-02  5.5593184103e-02  1.7891764527e-01  -7.2614173637e-02  -3.2425852149e-02
1.2538538301e-01  1.8414627971e-02  -2.1078331185e-01  -3.9270495933e-02  1.2498077528e-01  2.6016359280e-01  -1.4989015900e-01  -4.2966767788e-01  8.4494538476e-02  -3.2070369847e-02  3.1915968660e-01  2.8355482192e-01  -2.7121396060e-01  5.6989232491e-02  1.7811278756e-01  2.2106878759e-01  -2.5657860758e-01  -1.0490399908e-01  -1.8977957875e-01  3.9995847333e-01  -2.7273479301e-01  4.2863041739e-01  1.1881988750e-01  -8.4064920179e-02  -8.1399126026e-02  2.9821666338e-01  2.0728428706e-02  1.2243419597e-01  1.7249420424e-01  -3.0597782550e-01  -1.0442355264e-01  -5.8459547046e-01  8.2152277726e-02  4.2170791431e-01  -3.4676975972e-02  -2.3047891089e-02  5.2714263056e-02  -1.2416675521e-02  -1.9489259888e-03  5.6188781192e-02  7.6092583084e-02  -1.2936246331e-01  -4.3753412361e-01  2.3182806713e-02  -4.6428814144e-01  -2.3680407643e-01  1.6333336371e-02  1.2161533987e-01  8.1408155021e-01  -1.6608259943e-01  2.0592040531e-01  -1.0184532159e-01  3.5473729174e-02  -9.3247595872e-02  -2.1026656612e-01  9.4652999766e-02  2.4453794156e-01  -6.8159911787e-02  2.6540467430e-01  -3.8304386167e-01  -3.1419971009e-01  -1.8700274024e-01  3.6497084632e-02  4.2265914246e-01
-3.7909605134e-01  -3.2284398948e-01  2.7269843033e-01  -1.9177892378e-01  2.7678883556e-01  -3.1389638688e-01  1.7004241785e-01  3.0255774042e-01  -1.6447388189e-01  -1.2201352952e-01  -8.9053686414e-02  6.8198184011e-02  -3.5491024407e-01  -1.2256781935e-01  4.3334402871e-02  1.5375642826e-01  2.1215501727e-02  -5.2900216432e-01  -5.0757749938e-01  -1.9623058435e-01  -2.9555235539e-01  -2.0227330531e-01  -1.9655817757e-01  -1.5432328501e-01  4.7578364767e-01  3.4434153700e-01  9.5381389881e-02  1.4506149616e-02  -1.0186275103e-01  1.7303009345e-01  -3.3523955262e-02  4.2143331973e-01  -1.0604479080e-01  -3.3255960725e-02  -2.7290597676e-01  -4.1882628622e-03  2.8845900151e-01  -1.4210235253e-01  -2.5872218791e-02  -9.0362477925e-02  1.3926059166e-01  9.6005851174e-02  -8.9232623090e-05  -1.9793655302e-01  -2.0114800379e-01  7.7107210787e-02  -2.6214772724e-01  -2.4480518378e-01  -4.5596849705e-01  8.2139333688e-02  1.6187644393e-01  -4.3785165340e-01  -1.8284586642e-01  -8.6057414155e-02  3.2600969852e-01  1.7225099277e-01  -1.2979904941e-01  -1.6464538113e-01  -9.7926696898e-02  1.8613626534e-01  -1.0238465187e-01  -2.7500226550e-01  -3.4478104881e-02  -1.2747787786e-01
-4.5023065045e-02  2.2027226908e-02  2.6958739478e-01  -8.0022821308e-02  3.4377433349e-01  3.0172242890e-02  -3.9135673414e-02  -2.7406980147e-01  1.6094790978e-01  3.2665506633e-01  -1.3085283469e-01  -4.0348609084e-01  2.1298489688e-01  8.5098094981e-03  -1.7471926674e-01  3.7555632882e-01  -6.4009760207e-02  -1.8002504190e-02  3.4958301508e-03  1.0302734637e-01  4.0875368430e-01  6.5634154837e-01  2.4785253779e-01  2.6947159450e-01  6.5878507526e-02  -1.9999184347e-02  3.9735073974e-01  -1.1177972796e-01  5.2396039862e-02  1.8778516696e-01  1.4241345706e-01  3.9748932994e-02  1.1755519774e-01  -1.1132704973e-01  -1.4740910779e-01  -2.7750620225e-01  4.7578018142e-01  1.1989869270e-01  7.6222693846e-02  2.1784216011e-01  2.2349223330e-01  -2.3876844470e-01  -1.3349859566e-01  -1.7032220676e-01  4.3853639963e-01  -1.4582265327e-01  -3.6972463735e-01  -4.2019589683e-01  -4.3041578961e-01  -3.0844730641e-01  -3.1022094852e-02  -9.2960236039e-02  -3.1735681585e-01  -1.5685742536e-01  4.6964793828e-01  9.8538576010e-02  8.1620719818e-01  8.4826821916e-03  6.5327931940e-02  -4.8962841389e-02  2.0996601705e-01  6.5678238652e-01  1.9882494795e-01  1.2250880614e-01
-2.8815358046e-01  -2.1151147847e-01  -1.0601338183e-01  6.4275681248e-01  4.1718185163e-01  -3.2713668914e-01  4.2906829974e-01  3.3511207998e-01  1.3322403061e-01  -3.1557940185e-02  1.7978534448e-01  -3.2511948129e-01  -2.9234466089e-01  5.4413277505e-01  -1.9919985178e-01  -2.7078096089e-01  -6.4977422767e-02  2.7899026283e-01  1.8213329597e-01  2.1225584704e-02  3.6549680336e-01  2.1982333799e-01  -4.0720964920e-02  1.1967756950e-01  -1.0964796365e-01  -2.6522889819e-01  -1.4314638082e-01  3.8464787211e-02  1.2237094502e-02  2.2558656807e-02  -1.0226876785e-01  -1.4358308487e-03  5.6324068575e-02  -1.7719220789e-01  1.1515544203e-01  -3.9756256160e-01  5.5544416612e-02  2.1707745093e-01  -1.9581382974e-01  1.0623120586e-01  9.6171022897e-02  -3.0837944469e-01  1.7868331823e-01  3.3058808956e-01  4.2129285065e-01  -7.5526589519e-02  -6.8212426851e-02  3.6609089935e-01  -4.5510437688e-02  -6.2285952024e-02  -2.6679682234e-01  -3.7127002467e-01  1.5188196293e-01  4.4560253601e-02  1.9355070204e-01  -5.9616849402e-02  -2.0846893637e-01  -1.1029078290e-01  -1.6860259873e-01  -9.9307010165e-02  3.6612126868e-01  5.6575458366e-01  2.7151121569e-01  1.9726235811e-02
-1.8639540092e-02  3.9032402138e-01  7.0790912430e-02  -2.5408672550e-01  -3.4340642011e-01  6.6624665145e-01  5.8860732304e-02  -2.1072421552e-01  1.4676272749e-01  6.4528366387e-01  1.9574689044e-01  -1.9553639349e-01  -2.3639717510e-03  1.5109018874e-01  1.9278574610e-01  -1.4910599868e-03  2.2463167574e-01  -2.3838802747e-01  -2.0414213488e-01  5.3389176193e-01  1.9888248080e-01  4.7468299963e-01  3.2636661134e-01  -1.5263347297e-01  -2.0858088704e-02  -3.2214868964e-01  8.4106949450e-03  2.6169561513e-01  4.2386890244e-01  -3.9711322762e-02  2.1622666851e-01  -6.1748293323e-01  1.2125034239e-02  4.4533792192e-01  -1.4415752894e-01  1.0229018454e-01  4.1504297094e-02  -2.0053513953e-01  1.1578411693e-01  2.7629028270e-01  1.1797466977e-01  -2.4415053140e-01  -5.4656670761e-01  -2.7365821144e-01  -1.0294883623e-02  -2.2323163853e-01  -9.1901880421e-03  -9.1068360995e-02  2.0512924590e-01  -3.4723732441e-01  8.6173466088e-02  -1.7004435120e-01  3.2972063107e-02  -2.4613096812e-01  6.3987867371e-03  2.9560110150e-02  5.0699140430e-02  3.2855929759e-01  3.4005620697e-02  3.6741585740e-01  1.3885857233e-01  1.8651901400e-02  8.7742477815e-02  2.8268144106e-01
-1.8062878529e-01  -5.0079748294e-01  -1.1747564015e-01  -1.7737893782e-03  -6.5233699416e-02  -5.7516494092e-01  3.1570030852e-01  4.4225365740e-01  -1.9490241851e-01  -3.9021481581e-01  -3.2695307034e-02  2.4250078602e-01  -3.7098005780e-01  -2.4184181298e-01  -2.2293431657e-01  -3.3091523993e-01  -2.4769187381e-01  -1.7493292824e-02  -1.2168317267e-02  -2.7080755193e-01  8.7738963985e-02  -2.0017667166e-01  -3.1880556414e-01  -2.0286364728e-01  1.1100345363e-01  -2.5744882861e-01  9.6978986845e-02  -5.5966255877e-01  2.1848499322e-02  1.7394344447e-01  -2.4482371774e-01  4.4393506413e-01  1.3083486433e-01  -4.5907775869e-02  2.4631632962e-01  -2.8086933014e-01  2.0042490530e-01  2.1507653270e-01  -1.3576211550e-01  1.0336119106e-01  -1.2714292998e-01  1.7621816271e-01  4.3554246345e-01  -6.2457521918e-02  5.6738684762e-02  -1.0039371195e-01  4.1470894777e-01  -1.4341735435e-01  -7.2330846124e-01  1.4775018657e-01  -6.8553916644e-02  3.6371264425e-01  3.3028247174e-01  1.4737316248e-01  1.4039788758e-01  1.6659094945e-01  2.3003205721e-01  8.6727138072e-03  -1.6566938024e-01  -2.3763793688e-01  2.3196478599e-01  -7.8451307067e-02  1.6737123064e-01  -2.8724164554e-01
-1.1963836496e-01  -1.9096304867e-01  -1.2126544767e-01  1.0347450478e-01  2.2117631104e-01  7.1962705077e-02  -7.0947526936e-02  2.3654527769e-02  1.8761013627e-01  -1.0106553753e-01  1.1351867653e-01  -3.6658258728e-02  -3.0073948007e-01  2.6123756577e-01  3.7136239334e-02  4.0422014329e-02  -7.4084272160e-02  -7.6678257614e-02  -1.6865380776e-01  -3.8862115220e-01  -1.6447945587e-01  -2.2424073556e-01  2.4010517062e-01  7.1229544532e-02  -1.3392259940e-01  -2.4205951639e-01  -1.1642130794e-01  2.9352171401e-01  9.9921799415e-02  5.9082956270e-02  -9.4227472264e-02  3.7211036189e-01  9.9655891020e-02  3.0137078573e-01  -1.5095576047e-02  -6.1218282818e-02  -3.2569326972e-01  9.2591340939e-02  -1.0848507581e-03  -1.7391308184e-01  8.2513388065e-02  1.0132544876e-01  1.4372835422e-02  4.3225178510e-02  -4.5482944851e-02  1.5974368201e-01  2.7852884790e-02  -9.7515679299e-02  2.8084642533e-01  -9.9197446324e-02  -2.0912341374e-01  -1.7904983941e-01  -2.9075897671e-01  -1.5857474735e-01  -2.4136814728e-02  6.0333167269e-02  3.2339652191e-02  1.3753040196e-01  -1.0755537121e-01  -2.2057413289e-01  9.6297331964e-02  -4.6293440701e-02  5.1516624343e-02  2.9060763959e-01
3.2153233382e-01  -1.0581671751e-01  -1.5176446386e-01  -8.8713874223e-02  -4.9557458865e-02  2.7912168717e-01  -1.8244672702e-01  2.9667399180e-02  -4.0387468959e-02  -1.1298287662e-01  -3.2927581235e-01  -1.8733654039e-01  2.0399147365e-01  1.1758178111e-01  7.9266825774e-02  1.2931868814e-01  4.6242343694e-02  4.8164465224e-02  -7.1220586705e-02  1.5442124919e-01  -6.0324591961e-02  -1.0270423427e-01  1.8388748592e-01  -5.2922152793e-02  1.4655656073e-02  -2.9273907572e-01  1.0837376932e-01  8.2245185199e-02  -1.6590786840e-01  -4.0620560885e-01  3.0797565603e-02  4.8379983051e-01  -4.4805665635e-02  -4.4245625288e-02  4.1951711163e-01  5.2821110494e-01  -1.7347878044e-01  2.6795017638e-01  -6.5079098820e-01  -6.7360346124e-01  -5.2873013941e-01  -5.8932062062e-02  -2.5679369701e-01  3.4145269786e-01  1.6312094970e-02  1.0024512168e-01  -7.2072352486e-02  -4.4526452807e-02  -9.8724860064e-03  3.8411167780e-01  -1.7522217453e-02  1.8062152455e-01  -6.0393122717e-02  -1.9453420488e-01  -9.0672712990e-02  1.4596037775e-01  8.8452388040e-02  -4.3929259849e-03  -5.2255448799e-02  2.7436524407e-01  1.6069919147e-01  1.0559518393e-01  7.6197362244e-02  5.4136958600e-02
-2.7600847664e-01  2.9196510399e-01  4.1317225710e-01  2.7360868170e-01  1.2111711961e-01  7.0726677822e-02  -1.1035370208e-01  -4.2852434045e-01  1.9768294145e-01  -1.2134068101e-01  -3.5861063936e-02  -6.5571001050e-02  1.7013675466e-01  2.5995024973e-01  -3.8296575925e-01  1.3783682902e-01  -8.4028827630e-02  1.2567368676e-01  -1.8641337197e-01  1.2558387214e-01  1.1840409009e-01  5.8646379478e-01  -2.1667333938e-01  1.4919557771e-01  -1.1264491913e-01  -1.9161941642e-01  2.2792630660e-01  5.1601114731e-02  5.3243506641e-04  -1.3755483529e-02  3.0982652321e-01  -1.3309090519e-01  5.6587396233e-02  -2.6387247906e-03  2.8418481783e-01  -2.2443440234e-01  2.6954983692e-01  4.1503551370e-02  -1.8914376006e-01  4.4625701871e-03  1.3213401883e-02  -2.9346330891e-01  -3.5300017187e-02  4.7029752888e-02  2.9208903294e-02  1.4235047480e-01  -3.1670293305e-01  1.7313935327e-01  9.1820131726e-02  2.2098501958e-01  -8.3458227829e-02  -1.2842575107e-01  7.7090531902e-02  -2.3432507045e-01  1.7529053620e-01  5.6986017089e-01  2.3899156816e-01  1.1473779130e-01  -5.4492293306e-02  -1.8072693249e-02  2.9207935211e-01  2.2436163699e-01  -7.1774861153e-02  -6.7929846171e-02
6.4897340602e-02  -5.9624973306e-02  -9.8857008854e-02  2.4249321511e-01  -1.1616193906e-01  2.2810044090e-01  -1.5735925952e-01  1.3475267606e-01  2.1149849015e-02  -2.5909640410e-01  -2.8484388679e-01  -2.3976987637e-01  6.2309005521e-02  3.3932612916e-02  1.8563300656e-01  -5.0719357312e-02  2.3814228306e-01  -6.7197677151e-02  -1.9442447520e-01  -5.3918262233e-02  -2.2277927121e-02  -1.2347569707e-01  1.3258858977e-01  -5.2211261031e-02  -8.0930433411e-02  9.8833198914e-02  1.1210238083e-01  1.7234605537e-01  1.4387791000e-01  -1.4762301593e-01  2.0559490148e-02  -3.6014575872e-01  -1.3988313074e-02  7.2176555648e-02  -1.4240497674e-02  -1.6439179024e-01  1.0548507807e-01  -9.6971198855e-02  2.4157870798e-01  -2.5314452658e-01  3.6255195427e-02  -4.0321807227e-01  -1.2442158421e-01  5.8042381609e-02  7.4059125366e-02  -7.0648503668e-03  -3.8822596151e-02  3.4164743469e-01  5.1855631386e-04  2.2786787379e-01  2.8727680036e-01  -1.2796645574e-01  -9.6969636602e-02  2.2985808405e-01  -1.6412225919e-01  1.1732033353e-01  -6.8277983879e-02  -3.8023502149e-01  -2.1862952029e-01  -2.8357367369e-02  -1.4417712203e-01  -1.2706983839e-01  -1.9674712014e-01  4.3188246346e-02
3.2072905830e-01  4.0475350156e-02  3.0745447688e-01  -4.5041702123e-02  2.0963440230e-01  -4.3135598392e-01  1.1921134704e-02  5.4957841329e-01  2.3208954928e-01  -4.9006199953e-01  -3.3146290262e-01  -1.6838316722e-01  -1.1071555903e-01  -1.5536898106e-01  5.4862605782e-02  -9.5105390716e-02  -2.5109929382e-01  1.3152310192e-01  1.5228689279e-02  -4.5704775542e-01  -1.2623225687e-01  -2.4391194512e-01  -2.9482525520e-01  -6.3496823185e-02  2.5492056250e-01  2.9236345398e-02  -2.7643349735e-02  1.8921740945e-01  -1.2805556634e-01  -1.7664466085e-01  8.5494767563e-02  2.0223624646e-01  -4.9906049903e-01  -2.3874568222e-02  1.4993949861e-01  -2.0848304376e-01  -4.8537421924e-01  -6.8183997669e-02  3.9822925032e-01  3.5500155890e-01  2.4108132552e-01  -5.5751176027e-02  1.9406132653e-03  -7.5039413216e-02  -2.5984185960e-01  1.5087248529e-01  3.6092159791e-01  -1.3164882120e-01  -3.5421821193e-01  -2.8001251424e-01  2.2357628468e-02  -1.8918763834e-01  -1.3592525046e-01  1.4298062108e-01  -1.0143121941e-01  -1.5039466780e-01  1.1475234917e-03  -2.5803722420e-01  -3.3472734832e-01  1.5330065304e-01  -2.4242589866e-01  -6.4207966228e-02  -1.5584958279e-01  -2.1772274171e-01
-4.2351394895e-01  -2.0416869141e-01  9.8671867654e-02  9.9183968420e-02  1.0243854172e-01  -9.8501558734e-02  -3.1492458840e-02  -1.0821537632e-01  -3.4198416961e-01  -1.1690460637e-01  4.1271487320e-01  8.0294315684e-02  -2.7750754699e-01  -1.6430157653e-01  7.7012570691e-02  -3.5266489764e-01  4.2086766619e-01  7.0493374576e-02  -9.5246306254e-02  2.0313236238e-01  2.0849986495e-01  -1.1046587003e-01  -1.1590274876e-01  -2.1967561246e-02  -4.7977930903e-02  2.0192391495e-01  -1.3708770101e-01  -3.3425648187e-01  -3.7238090524e-01  -2.0502950902e-01  -1.0092257868e-01  1.0599579682e-01  -5.1904705924e-01  -2.8567997000e-02  1.8318979518e-01  -4.2116285081e-02  -2.0792503469e-01  -9.9587186375e-02  -1.2353891428e-02  2.8595780462e-01  1.9936620498e-01  4.3071484544e-02  3.7301041031e-02  -2.5908058900e-01  -6.3994605576e-02  1.5892297826e-01  -1.2263860329e-01  2.5904500979e-02  1.5717161633e-01  -2.8881482682e-01  -9.1110748255e-02  1.8386281934e-01  4.2913270855e-02  4.8898647917e-02  -1.5534752119e-01  -1.0647477690e-01  -1.9215165771e-01  -1.6964354967e-01  2.0849348962e-01  -2.4813792274e-01  -2.2623703036e-01  2.0719171427e-01  -1.3747750109e-01  -2.5006156352e-01
-1.0024423222e-01  -2.9972694010e-02  -3.6411627836e-02  -1.5760241490e-02  -2.4666496327e-02  5.3244180806e-02  5.4334671688e-02  -3.8399171220e-01  -2.9585229498e-02  -1.9507475967e-01  -1.2607092629e-01  -1.0382416610e-01  4.6029467609e-02  -3.2326620237e-01  -1.5441552817e-02  5.6298034921e-02  8.3981165676e-02  -1.4902054578e-02  8.2049213302e-03  -1.4773053576e-02  2.8778555887e-01  -3.5897321490e-02  3.7966403458e-01  -9.4866649189e-02  8.2349418418e-02  2.1032314311e-01  -9.2132920315e-02  -5.1347525863e-02  -2.3488963391e-01  4.1995747742e-01  -1.9676782934e-02  2.5177039029e-01  -1.2105545400e-01  -2.5193789676e-01  -1.7094499627e-01  5.6374082643e-02  -1.0354974904e-02  -1.5110103313e-01  -1.0874696149e-01  5.4551110233e-02  -4.2707996878e-02  -8.9532353116e-02  -1.9749426714e-01  8.4124567415e-02  -2.1092509799e-01  -4.3198668066e-02  1.0637169772e-01  1.3055605360e-01  -1.6246331443e-01  8.2340383579e-02  4.3994726401e-02  1.0924680890e-01  -9.4679061412e-02  -4.9581775629e-03  8.5569020464e-02  4.0652031495e-01  -3.6360709350e-01  5.3625647466e-02  1.7724585017e-01  7.4124064825e-02  2.0541937075e-01  1.8915930448e-01  8.7801126896e-02  -9.3905065792e-04
-3.0618202761e-01  3.7088765818e-01  -1.8816931036e-01  2.3634934176e-02  8.3568207027e-02  -1.0976526982e-01  2.8463385536e-01  1.1203928856e-01  1.3129031346e-01  -2.5045291002e-01  2.5596845372e-01  1.8263152318e-01  3.4844213006e-02  2.8440256606e-01  4.2695755245e-02  8.5918294157e-02  3.1033780076e-02  4.4026339371e-02  4.8309453418e-02  -2.3030115771e-01  -2.1904277910e-01  -1.3462810800e-01  1.8396262254e-01  -7.5804826183e-02  -1.4836809303e-02  1.0597423308e-02  -7.8759914798e-02  -3.1240960130e-02  -2.3871601343e-01  8.5771987172e-02  1.9519452419e-01  1.2920975847e-01  5.7175996764e-02  -1.2876115074e-02  5.8581419051e-02  2.0884309003e-01  1.0959232726e-01  3.2899944478e-01  -2.2729439339e-01  1.3393248586e-01  -3.9023000826e-02  -6.3914687759e-02  -3.0636133855e-01  -3.0247187975e-01  -1.2526520475e-01  -1.9962804758e-01  1.6990990198e-01  8.1098988291e-02  3.7054776377e-01  -3.2417514097e-02  1.5654390788e-01  -3.1903086847e-01  4.3422192616e-01  3.7667929286e-01  -4.2142867005e-02  3.3882997798e-01  -1.3420251020e-01  -5.4598906726e-02  3.9717966003e-02  -5.0347771208e-02  6.0298193685e-02  1.6251882297e-01  -2.1321035580e-01  1.2962029704e-01
-2.3031197677e-01  1.4351730634e-02  -7.8315730063e-02  -5.3317050375e-03  2.0041468916e-02  -2.7028779333e-03  -3.5008866763e-02  -2.5971758433e-01  -4.8176827066e-04  1.3650566012e-01  4.3026964043e-01  -1.0215956773e-01  -1.6420730663e-01  -3.2416705729e-01  3.8270342063e-01  -2.5923918278e-01  3.2863714142e-01  -3.3946002863e-01  1.4537990976e-02  6.0019221854e-02  -1.0560662050e-02  1.3225762744e-01  -1.7174355132e-01  -5.0206320218e-01  -7.9923511200e-02  1.5316986510e-01  4.6090295684e-03  -2.7849826256e-01  5.0408229014e-01  9.1773607935e-02  -1.7932581869e-01  2.9587843995e-01  -4.4218372536e-01  -1.5030716151e-01  4.5619402763e-02  -2.6482765349e-01  1.6046756232e-01  6.8850640386e-02  5.5829647775e-01  3.0369986424e-01  -9.1955745369e-02  -1.4817153939e-01  -2.2072666812e-01  -3.8781661240e-01  1.3578740657e-01  -3.0344584126e-01  2.0280218830e-02  -3.5757640787e-01  8.0391184219e-02  -1.9976940242e-01  8.3022149638e-02  -7.0523105871e-01  2.4760922114e-02  -1.7363318844e-03  -1.3141851642e-01  5.1003140635e-02  5.7184443528e-02  -6.0367544161e-01  3.2143732264e-02  -1.3521342645e-02  -2.5258744990e-01  9.1696268685e-02  2.0771393246e-01  5.3137062869e-03
-1.3470686228e-01  -4.2367480365e-01  -1.2936489771e-01  -6.8956396429e-02  1.1618714507e-01  -6.8912957085e-03  -7.1411741464e-02  2.8070588729e-02  -1.4654110644e-01  2.0878741124e-02  -2.7853611750e-01  -6.4599898672e-02  -9.3447750564e-02  -9.9451170780e-02  5.9481900050e-02  -4.4404920476e-01  4.1343892665e-01  -2.1373843367e-02  4.6524885858e-02  -4.5000749576e-01  -1.5839653560e-01  -3.2128992459e-01  -4.9864352807e-02  -4.1296877995e-01  1.0640099183e-01  2.7632559909e-01  -4.6253893263e-02  1.0617313839e-01  -1.7719889791e-01  3.9417427176e-01  -2.6785725637e-01  1.6750969332e-01  -3.1561266019e-01  -2.9736920131e-01  2.8240990422e-01  2.9783612550e-01  -1.8971828744e-01  6.7708419685e-01  2.3476499707e-01  1.7218145582e-01  1.5960732459e-02  3.1919081294e-01  1.3280373013e-01  -1.5301402241e-01  -9.9271742727e-02  2.7997201557e-04  -1.2451178736e-01  -8.6076768697e-03  -1.3689583737e-01  -1.4733128073e-01  4.4022464445e-01  -5.8703022495e-02  2.1362873942e-01  -2.6948564101e-02  -7.7556450815e-02  -8.6899620635e-02  -1.3758540500e-02  6.2841971136e-02  1.6055015877e-01  7.0369252678e-01  -4.2275884957e-01  -2.2366419737e-01  2.0638492549e-02  1.9298378491e-01
5.3504070176e-02  -1.0927769248e-02  7.4867770206e-02  -2.5129315791e-01  -5.0179762329e-02  1.8243978969e-01  8.1364228032e-02  -7.1398544263e-02  2.3158648709e-01  -1.5960843804e-01  8.0684526510e-02  -1.4125845114e-01  -2.6391769422e-01  1.7840762150e-01  -1.7381753436e-01  -6.7723363675e-02  -5.2562406978e-02  4.0331323774e-01  2.8034312521e-01  -3.8665665233e-01  -3.2928763572e-01  2.1258445112e-01  6.7278313407e-01  3.2546568018e-01  8.4328290879e-03  8.0397860580e-02  -6.1528577024e-02  -6.8793514874e-02  1.4963025441e-01  -3.1035776866e-01  1.3062910615e-01  1.5477956303e-01  2.6969943106e-01  -1.6638529066e-01  -1.9443361656e-01  -9.1619931750e-02  -5.1848122716e-02  -1.4679285331e-02  -2.9989851360e-01  -2.7766298457e-01  -1.2072142290e-01  1.6226114126e-01  1.7068155563e-02  2.2778613262e-01  -1.6899306373e-01  -1.1405682502e-03  1.1763599799e-01  -2.2812056361e-01  3.2664210621e-01  9.7121812096e-02  5.9299765806e-02  3.9688692011e-02  3.3007031230e-01  1.6181713038e-01  1.3248266267e-01  6.1139646319e-02  -1.7824015089e-01  -5.2198115180e-01  1.3698094814e-01  2.2561071554e-01  -2.6953497148e-01  -3.4192598065e-01  -1.9807982345e-01  -8.1760478682e-02
-1.2010360699e-01  2.9716441857e-02  1.4023503438e-01  1.0434130148e-01  1.2202415075e-02  -1.8521921112e-01  -2.6783298352e-01  -1.2611818328e-01  1.1125642872e-01  -2.3355538539e-01  -4.7322695085e-02  -2.5642670091e-01  -2.1105503733e-01  2.1042885403e-01  8.7647328611e-02  1.4732392612e-01  -2.5125398298e-01  1.8519316737e-01  8.5219552022e-02  5.3453276543e-01  -8.9769012700e-02  1.7488512593e-01  -1.1460700717e-01  -2.6537927410e-01  -3.2296053463e-01  -3.2565878930e-02  -1.6154203248e-01  5.2571071769e-04  9.4571852218e-02  -7.2166272960e-02  -1.2109463887e-01  -3.9267842590e-01  8.0492607067e-02  2.4142631028e-01  1.2084697282e-01  6.5175749757e-02  2.1893626692e-02  9.7189165497e-02  -7.0507945720e-03  9.3050792915e-02  -6.5564834160e-02  -1.2831058675e-01  -1.1513264188e-01  6.4612358464e-02  -6.6478433585e-02  -2.3991733765e-01  -4.0124214109e-01  1.3250510503e-01  2.2928480776e-01  1.2405861158e-01  1.6420565922e-02  1.2485269799e-02  3.8167318402e-01  1.3192098930e-01  3.7371011213e-01  5.7088825478e-04  9.6351019448e-02  -3.9333603543e-02  2.6952205722e-01  -4.3922669656e-01  1.4209915186e-01  5.4399456009e-02  2.9088951945e-01  -1.2311964268e-01
-3.7174927505e-01  7.9609910402e-02  -5.7633134864e-02  1.8221861265e-01  -1.3216320345e-01  -2.1876655432e-02  1.8195053579e-01  7.8706669025e-01  -1.3285983151e-01  -1.3932907862e-01  2.6145673186e-02  -2.4094682760e-01  2.6579252147e-01  7.6927247364e-02  -3.7821377067e-03  -1.2104956459e-01  -1.4797322516e-01  -2.7830945098e-02  1.6709354989e-01  -4.0447265126e-01  2.7023200931e-03  -3.0076644622e-01  -2.1548891406e-01  -1.0181660422e-01  2.1111659638e-02  -3.5339259366e-02  6.6710469805e-02  2.7279196599e-01  1.3065647362e-01  -3.3255578997e-02  -4.2110141973e-01  4.5229538554e-01  -1.6581725962e-01  -1.5393773548e-01  -6.5205740565e-02  3.5529055361e-01  -1.2159535396e-01  2.3469811753e-01  1.6116604637e-01  2.0175195830e-01  3.6732685069e-02  -3.3211477562e-02  3.5884920401e-01  4.6237899803e-02  -1.2152381454e-01  2.0147432395e-01  1.6744939077e-01  -3.3870567679e-01  -3.2232593583e-01  1.5037656921e-01  -2.5010117472e-01  2.7457407022e-01  1.9920391782e-01  -2.0488432660e-01  -1.1954560649e-01  -2.0794183523e-01  -2.5039161739e-01  4.1803849109e-02  -5.5174762385e-02  -8.2179295988e-02  -1.3986954230e-01  -7.4831844337e-02  -3.9393882673e-02  -4.6523927504e-01
-1.5113994974e-01  1.4692267186e-01  5.0441703863e-02  3.1109598806e-01  4.4570676447e-02  -6.7014625915e-02  6.7179064350e-02  4.2667898099e-02  -5.6508282918e-02  1.5836502837e-01  -1.7649253692e-01  1.8307388046e-01  -2.1681350372e-01  1.4496334652e-01  -1.4096570827e-01  -3.5388143756e-01  -2.6963900999e-01  -6.4377999170e-03  1.1974824928e-01  1.7575816535e-01  6.0479134252e-01  1.4197935248e-01  -1.0361805181e-01  1.5680774019e-02  -2.1554189560e-01  -1.4372418856e+00  -1.9660328539e-01  -5.0192898587e-02  4.7507974465e-02  -4.4979409190e-01  -1.5719526850e-01  -9.5778546332e-02  -1.1887527001e-01  8.3785772605e-02  -4.0242395844e-02  -3.1962632520e-01  3.2713958220e-01  -3.5543019821e-02  -1.5160269035e-01  3.8841563474e-01  4.0295562051e-01  -6.4059470798e-04  1.3479176303e-01  1.5149276033e-01  4.5988374818e-01  -2.0341570624e-01  3.7085420486e-02  1.3883631529e-01  2.3918560841e-01  8.2196287151e-02  -1.1747185789e+00  1.1456609768e-01  2.7711004973e-01  -3.5706025432e-01  -1.2222263226e-02  1.4868722772e-01  -2.2461048364e-01  -4.5299257455e-01  -1.0942133417e-01  -4.6628654902e-01  6.6969265324e-01  5.4251191317e-01  1.6439437431e-01  -4.1948789548e-02
1.5684324200e-01  -3.7633896018e-02  2.3198798563e-01  5.4431987550e-01  8.8211110674e-03  2.5201532600e-01  -2.5522904857e-01  3.9737514250e-02  5.1660285987e-02  -1.3365149969e-01  1.0479840531e-01  -8.6871600766e-02  2.2971414223e-02  -1.6474656543e-02  -1.0163198780e-01  6.1560577238e-02  -2.2429850585e-02  5.4798712954e-02  -2.7863104576e-01  7.8333520491e-02  -1.0549840676e-01  -8.4052007143e-02  -2.7475949338e-01  -1.1648358540e-02  1.9076623777e-01  1.0995807690e-01  4.0026661150e-01  1.4377960150e-01  1.2062971219e-01  6.2630072849e-01  1.3849850900e-01  -1.3979025313e-02  3.2838912424e-01  -3.7134637227e-02  -5.8257754648e-02  -2.1993869402e-01  -2.5028996058e-01  3.7253065632e-01  5.6774004584e-02  1.4383029862e-01  1.4318901986e-01  -2.9163358545e-01  1.4777359310e-01  -6.0925114145e-02  2.7478539029e-01  -1.9700712477e-01  8.4157049831e-02  -1.2745093871e-01  -1.8568209466e-02  4.3641477830e-02  1.0450790784e-01  -6.8237227427e-02  -3.9984906730e-02  2.5776255323e-01  3.9229389049e-01  3.2331606926e-01  1.1481472371e-02  -3.6691557456e-02  1.0926938757e-01  -2.3398535006e-01  -2.4583770851e-01  -5.2097960234e-02  -1.8047275968e-03  3.6043086342e-02
1.6635459931e-01  -3.1170087299e-01  -1.2635766101e-01  1.6576569671e-02  3.1181168424e-02  1.8465388152e-02  -9.5485879247e-02  5.7778889748e-02  8.8771701624e-02  -1.8910128373e-01  -2.0996529200e-01  2.9493023092e-02  8.1516895694e-02  -1.0832070801e-02  3.4999396471e-01  1.6812188600e-02  -6.4561366664e-02  -2.8386738619e-01  1.2186008043e-01  -1.1406762186e-01  -6.4704168144e-02  -1.0228095152e-01  -1.1710480410e-01  -1.1268337767e-02  -1.2193000070e-01  -1.6570606956e-01  -1.0358139766e-01  2.4173277154e-01  1.6479574515e-01  -3.9411319054e-02  -3.1248744643e-01  5.1349442442e-02  2.2418945428e-01  3.0434093167e-01  -7.2154424994e-02  9.9676128869e-02  -1.4621537733e-01  -2.2971012037e-03  9.4988970776e-02  3.9416384284e-02  9.5114588990e-02  1.0482402078e-01  -3.4361828985e-01  -3.2585644080e-02  1.7605205280e-01  -3.0778269580e-01  -1.8012721180e-02  -4.3428944303e-02  -1.5858051058e-01  1.9818392806e-01  -1.7501409892e-01  3.4443075948e-01  4.2102851927e-02  1.9108291093e-01  2.6838803968e-01  8.6744855735e-02  5.4630330981e-02  1.1645369991e-01  3.6259530180e-01  7.7435872921e-02  -6.9652825431e-02  -2.3599134743e-01  4.9607894342e-02  -1.4332839009e-01
9.1905214836e-02  2.5691907623e-01  4.3413945404e-02  -3.5296854768e-02  7.1792568023e-02  2.3061794971e-03  -3.2748340591e-02  -1.4646580571e-01  -2.6383142382e-02  5.7516298223e-02  2.2470205572e-01  9.8367653168e-02  -2.4187682516e-01  7.1127428646e-02  7.6049641153e-03  2.2617688103e-02  -1.9779439109e-02  -9.7017405952e-02  2.2436955119e-01  -2.2446311582e-02  -1.7013751249e-01  -1.0888015795e-01  -2.1115407662e-01  7.7375925633e-02  1.5821623289e-01  -5.7049768011e-02  4.2563456901e-02  1.8350301599e-01  6.8492812331e-02  -2.4641899875e-02  -9.7323378051e-03  6.1643002863e-02  -9.9436167609e-02  1.4889331615e-01  -1.1056635198e-01  8.4618006480e-02  1.6770675587e-01  7.1397426727e-02  -1.0077338812e-01  -1.5889039075e-01  6.3067206340e-02  2.2321181313e-01  6.1688497937e-02  2.3057538408e-01  3.8306083415e-01  -6.0188796483e-02  1.0382922955e-01  -7.3911936763e-03  -7.1435850896e-03  3.3957804386e-02  5.9902527954e-02  -8.0915656201e-02  -1.5880746082e-01  4.9936683896e-02  -5.7473028764e-02  -3.1450140957e-03  -1.8837406052e-01  -1.1418712278e-01  -2.2426851193e-02  5.0712420470e-02  3.4724179269e-02  -1.4681329392e-01  -1.5623887509e-02  7.6741267724e-02
1.3493970151e-01  6.3707259973e-02  8.9040900600e-02  -2.6918663225e-01  -2.1328367116e-01  4.0878954716e-01  -2.9873098219e-01  6.4838100957e-02  1.0330849394e-04  2.3292059635e-02  -1.1539255649e-01  -1.9109990751e-01  2.6503585954e-01  3.9239493376e-01  -3.7146064848e-01  3.8743618430e-01  -2.9964421453e-01  5.7497810022e-01  -7.2605616026e-03  1.7184016093e-02  1.6964335814e-01  -1.9972605860e-02  -1.4753371035e-01  1.0839370575e-02  -6.8537753535e-03  -5.4878318806e-01  -1.9479358922e-01  3.3193405169e-01  -2.6274157802e-02  -4.7557218997e-01  3.4376973727e-02  -7.0744258912e-02  -9.7677192235e-03  2.3144020628e-01  -2.0854151811e-02  1.3979439417e-01  1.0023977830e-01  -1.5538548527e-02  6.4881464039e-03  5.1264549757e-02  -6.9737019685e-02  -2.1890317636e-01  1.9222600449e-01  -1.3270306755e-03  -8.4894797071e-02  -3.9275055547e-01  -1.3768731615e-01  8.3477570836e-02  2.3457685052e-01  -4.1043015253e-02  1.7197859703e-01  2.4574310521e-02  1.0385868674e-02  -1.4152881472e-01  3.0298577662e-02  2.9291885397e-01  8.1306020811e-02  1.0573601434e-01  2.4539349881e-02  -1.7929256800e-01  8.4625370353e-05  -3.0027189931e-01  -4.7419594417e-02  3.0876635722e-01
3.0111830004e-02  1.5255889443e-01  3.8615524124e-01  -1.6535328469e-01  5.5855530113e-02  1.1035765890e-01  -3.2108081921e-01  -8.8565725711e-02  -6.0394614572e-02  2.0819731013e-01  7.0691598161e-02  -5.6388627409e-03  4.4138778163e-01  -4.3166505019e-02  1.3932683354e-01  -6.7472749674e-02  -1.1786680690e-02  -2.3060457643e-01  -2.5273107171e-02  -3.9754263902e-02  1.7264988955e-01  6.0176452086e-03  4.3273992772e-01  1.1795312804e-01  -1.9908447253e-01  2.6057897035e-01  -3.4074018112e-01  6.1000110473e-02  -8.2768289033e-02  -1.5687040672e-01  2.0640358794e-02  5.4336276862e-02  3.7522440330e-01  -3.1259207488e-02  1.7268034815e-01  2.9622152814e-01  -4.0037071219e-01  -2.0648506540e-01  -3.9737614386e-01  -3.1241327556e-01  -1.6284187505e-01  1.3098932803e-01  2.7704993851e-01  5.0503141803e-01  2.9040941630e-02  -6.1658177757e-04  -2.7760012648e-01  -1.4580933318e-01  1.7776563079e-01  3.4599590463e-01  1.8957877604e-01  8.6441156782e-03  -1.3829448617e-01  -3.9375829448e-01  -4.9386118523e-02  3.4193189283e-01  -1.0291439779e-01  2.1975290225e-01  -1.2372763850e-01  3.0009690645e-01  2.9478757218e-02  -4.3123042202e-01  -1.9244254438e-01  -2.5975460855e-02
6.3103589301e-02  -1.1812711546e-01  4.6435700314e-02  -1.9136484701e-01  8.3886223309e-03  6.9158098884e-02  -1.6908383159e-02  1.4245953444e-01  1.2230524173e-01  -1.5441356093e-01  -1.7009767062e-01  3.4377847295e-01  3.6109533123e-01  2.0815339278e-01  2.0540669371e-01  -1.8443845134e-01  -4.7814083658e-02  -1.1119988699e-01  1.1015504472e-02  -3.4849368936e-01  8.3426782834e-04  -1.1116715995e-02  -1.1259388925e-01  -1.2339085700e-01  1.8514028817e-02  -1.5700580518e-02  -1.2021692311e-01  3.7701338735e-02  -2.5577192160e-01  7.9486008939e-02  -1.5166911018e-01  1.4051945173e-01  8.4082105561e-02  7.7309005481e-02  7.5314123001e-03  -3.4369804567e-02  2.8113758008e-02  -1.3318686724e-01  7.8902454127e-02  1.3579537186e-01  -2.8973371333e-02  2.4940808203e-01  7.1061742334e-02  -1.9597586151e-01  1.0928753342e-01  9.9593478472e-02  1.0207262755e-02  4.8559281310e-03  -1.1494124539e-01  -4.3497325627e-02  -2.1256950436e-01  -1.3483721088e-01  -8.4586355888e-02  -2.4828985214e-01  -4.4204060749e-01  -2.5661997824e-01  1.6057811261e-01  3.3521375549e-01  -3.6876807867e-02  2.2289928141e-02  2.1867588275e-01  -2.5323744713e-01  -6.4377488454e-02  8.8465329130e-02
-1.1446290373e-01  -2.7811096558e-01  4.7108378395e-02  -3.1470240806e-03  1.3476460873e-01  -2.4681445730e-01  1.0235070368e-01  2.7890721892e-02  9.7059342520e-02  -1.7166852316e-02  -1.0173363079e-01  -1.6431256187e-01  5.6619512999e-02  -2.0941953245e-02  -9.1928810313e-02  -2.8660207983e-01  -8.4359178953e-02  -3.4190795937e-01  -2.2137805130e-01  -5.1325023252e-02  7.5258745487e-02  1.9027776081e-01  -5.7378417000e-02  -1.7199896346e-01  8.0523520962e-02  -6.3472291017e-02  2.2967479497e-01  1.2526367332e-01  5.3208371762e-01  2.9826706908e-01  3.9604794721e-02  -3.6024297218e-01  -1.3838101270e-01  1.2256013058e-01  -5.7840131870e-02  -4.1647243046e-02  1.9664063913e-01  1.3053798123e-02  1.0904148013e-01  1.1303671748e-02  -2.6632163977e-01  -4.3069688415e-01  -3.2134758436e-02  -9.2073739322e-02  1.5803483138e-01  1.0021899862e-02  -2.9360890651e-02  1.4628116957e-02  2.8722010301e-01  -4.2034338534e-02  -4.4370989537e-02  -7.0504673069e-02  -2.8550404053e-01  2.9143133613e-01  1.9992666100e-01  3.2519045051e-02  3.1570914038e-02  1.6724982861e-01  -1.8277106283e-03  1.3997951706e-01  3.2845340503e-01  1.0664144368e-01  3.3076365148e-01  -2.2962911951e-02
-3.8911040632e-01  -1.1947690084e-01  7.6216969802e-02  2.6969785760e-01  -2.0096322253e-01  -3.0562701994e-01  2.8969033293e-01  5.1471519959e-01  1.8735824691e-01  -4.6876591021e-01  7.1085678361e-02  3.1313150696e-01  3.1193589030e-01  1.4609945575e-01  -7.5452902077e-03  2.0739440590e-01  -2.7975291178e-02  -2.0605277159e-02  -3.9231480544e-02  -9.4017673960e-01  1.8983223187e-02  -5.2825546020e-01  -8.3643639727e-02  2.7320136942e-01  3.7392928143e-02  -2.6101384540e-01  -1.1895728068e-01  1.9215786368e-03  1.8701247715e-01  -1.3262298573e-01  -3.9565883247e-01  1.0709147208e+00  -1.6447725889e-01  -2.9606726914e-01  2.0597352808e-01  -2.9205092327e-02  1.5754598648e-01  7.8435985903e-02  -4.7896718972e-01  -8.6359768909e-02  2.3692293497e-01  -5.0819084973e-02  8.4025071125e-01  3.4572960820e-01  2.8201709637e-01  -2.1118239851e-01  -2.0598108436e-01  9.9868369027e-02  -1.0107903363e+00  -7.2677035660e-02  -5.9097533210e-02  -3.5298044714e-01  -2.5256236115e-01  1.0262237217e-01  -2.2659818699e-01  5.5879198321e-01  -1.0021445213e-01  -1.8878805637e-01  -5.5259937387e-01  1.7778169925e-02  1.0831376542e-01  8.6381046785e-02  -1.0272666193e-01  -1.1985114482e-01
-4.2439823242e-02  1.0740673084e-02  7.5402721759e-02  -2.9019020842e-01  -2.6679914836e-01  2.3608037647e-01  -1.8185325854e-01  8.5138831005e-02  -5.7766842765e-01  -1.4484071691e-01  4.6038318979e-02  1.9937620490e-01  -7.2944641880e-02  8.4074431151e-02  -2.4694348695e-01  -3.5358539701e-02  1.1610777800e-01  1.2734958673e-01  3.3692500687e-01  3.7755802465e-02  1.2309665038e-01  1.6787908672e-01  9.3650398660e-02  3.4694714882e-01  -9.8772025766e-02  -3.5627573363e-01  6.9120735739e-02  -1.9630997635e-01  -8.0829522974e-02  -1.0353406183e-02  -1.4682755749e-01  -4.7990642556e-01  -2.7235248765e-01  1.1709714510e-01  1.4263537670e-01  -3.0802462637e-01  4.6379040846e-02  -9.9071141436e-02  -2.2985449011e-01  -1.1334515462e-01  -1.0120249188e-01  -4.1959915925e-02  -3.8074434756e-02  2.9584880026e-02  1.2970456838e-01  -1.0737563913e-01  -9.4656814300e-02  3.5856460806e-01  5.2854997279e-01  3.3122116199e-01  -2.1651289817e-02  -2.3045776721e-01  1.2373923436e-01  -2.6281607093e-01  -1.5088054216e-01  3.8095292212e-01  1.9392706566e-01  -3.6144047759e-02  5.3508309275e-01  -5.3065830550e-02  4.1942006373e-01  2.7714709306e-01  5.0844427275e-02  3.3558858867e-01
-1.1707700701e-01  -2.4309133826e-01  -1.9737207721e-01  5.9005144112e-02  4.4245385400e-01  2.1657289031e-01  -1.2708661881e-01  -1.3902214060e-01  -7.5750819030e-02  6.3017532300e-02  -1.3247580901e-02  -1.4731144820e-01  -2.1780623126e-01  -1.6357157788e-01  -2.2627715986e-01  3.6844960965e-02  -2.5003569795e-01  -2.0147114974e-01  -7.4930333304e-02  3.8309737973e-01  1.5273772735e-01  -8.4068659737e-02  1.4443427511e-01  -1.1923204889e-01  4.5639631350e-01  3.6503969383e-03  5.9188296404e-02  -4.5503461062e-02  -8.1719110965e-02  1.4993617439e-01  8.8925222759e-02  2.5628262697e-01  6.3352301063e-02  1.4104407104e-01  -4.2023505572e-01  6.9794020180e-02  2.9577935493e-01  3.2918424206e-01  7.4518454652e-03  -1.0077366294e-01  2.2898165077e-01  -1.4412097184e-01  -8.4704416765e-02  -1.2741542054e-01  -3.2168949450e-01  -2.8335457455e-01  -8.4354032768e-02  1.5442555053e-01  5.1042011549e-02  6.4082191657e-02  -3.6533718186e-01  -1.5378057169e-01  3.5744858811e-01  6.0586009072e-02  5.0883730309e-01  4.1802710045e-02  3.2826788803e-01  9.8293538300e-02  4.6343229789e-01  5.2856378177e-03  -1.2386400367e-01  -2.4708428034e-02  2.2960772637e-01  -4.3786527242e-01
5.0288418917e-02  6.9667506823e-02  3.3417669425e-01  -4.2238768312e-01  -2.2499325373e-01  2.6492394004e-02  -1.1351954270e-02  -9.9832826502e-03  1.6122276449e-01  2.6176818339e-02  3.5062019070e-01  2.3066323536e-01  -1.7484731663e-01  1.2214897906e-03  1.4305607870e-01  3.9867699091e-01  1.2985534693e-01  7.7465863302e-02  -7.3484149746e-02  2.1666361176e-02  -5.1082654306e-01  -3.0739066049e-01  1.9616608956e-01  1.7305802465e-01  1.6769159777e-01  8.7510982367e-01  1.3087676505e-01  1.2130757887e-01  -8.0384151619e-02  -1.5644345405e-02  3.2466781842e-02  1.5345671142e-01  2.0127707015e-01  -1.9036186567e-01  -1.6709575065e-01  7.0161705802e-02  -3.6699301585e-01  2.4014899089e-01  1.7960657436e-01  5.2318014738e-02  -1.1190967567e-01  1.3710858288e-02  1.5837995634e-01  -2.3746669112e-01  -7.7476737476e-01  8.9520835231e-02  1.1426580377e-01  -2.0687463323e-01  4.0887808566e-01  -9.6345792096e-02  6.5603854404e-01  9.5985504562e-03  -4.3488076028e-02  5.5322552068e-01  1.8044923898e-01  -1.0349819406e-01  -1.3639482784e-01  -1.8449116379e-01  1.1590100763e-01  -1.0047733553e-01  -6.8456858380e-01  -2.9300491319e-01  1.7732587425e-01  2.5519442728e-01
1.8788194560e-01  -4.0306974803e-03  4.9591116397e-01  5.6253403476e-01  2.4020080372e-01  -8.1332990703e-02  4.0917246818e-01  -1.0500895201e-01  5.8020647881e-02  -4.5090450367e-01  -1.9992215534e-02  -4.4493013174e-01  1.0873569471e-01  -1.3264325853e-01  2.7779769189e-02  -2.4591014674e-01  -2.0718704459e-02  -1.1595446732e-02  2.5514950692e-02  2.1918218196e-01  2.4358883147e-02  2.4927911917e-01  -6.1786660868e-02  4.7162364968e-02  -5.4355614850e-02  -3.4456847657e-02  1.2884138409e-01  -1.2177332394e-02  -2.5030858454e-01  -1.1243390058e-01  7.2941188218e-01  8.2232334924e-02  3.3753431255e-01  1.1338323635e-01  -4.1795759488e-02  -3.0472302267e-01  1.9902789416e-01  1.3615429867e-01  -2.9752727828e-03  -1.5035379949e-01  -2.4764582464e-01  -5.1977073144e-01  -1.5112306813e-01  2.4629302375e-01  3.0420842182e-01  -1.2709062498e-01  -2.0509964878e-01  1.1552214844e-01  -2.1283609009e-01  2.2376409813e-01  2.5041595793e-01  3.0093251979e-01  5.2443373440e-01  -1.8847303091e-01  2.1210416959e-01  2.9731014060e-02  3.9957164866e-01  -1.3487688721e-01  -1.2421192521e-02  -1.6144882204e-01  -1.1409473597e-01  3.2011973199e-01  2.9261892728e-01  1.4679709006e-01
9.2545640985e-02  1.2202685089e-01  1.4145055149e-01  1.8484096063e-02  3.3167031226e-02  2.3046679169e-01  4.0630704435e-01  -2.2118409086e-01  2.4259919612e-01  1.8496708240e-01  -3.1511470673e-01  -3.2110882841e-01  -2.9210485801e-01  5.4514789609e-02  -3.4627126948e-01  6.4218861071e-02  -2.0374964438e-02  -1.1763635316e-01  -4.1925558650e-02  1.1589875967e-01  -5.0752741250e-02  1.5592807951e-01  -3.7611969992e-01  2.4053571660e-02  2.3370030381e-01  3.2179133665e-02  -3.7881890061e-02  2.9439406472e-02  2.8760540114e-01  1.1374885879e-01  1.1611975057e-01  1.7992297648e-01  -8.0785008332e-02  7.9512160976e-02  -1.0747856494e-01  3.1556844175e-01  -5.6654835809e-02  -5.7992946497e-03  1.1037322190e-01  -4.2832388151e-01  -7.8437667851e-02  -3.2398796764e-01  1.1107307958e-01  -2.1783309481e-02  3.4570154954e-01  -2.6667507330e-01  -3.5409726503e-01  2.7493160931e-01  1.9655402639e-03  3.0632940299e-02  -1.8396958092e-01  1.3959168238e-01  1.4418567664e-06  -2.0369769673e-01  -6.6815755844e-03  -1.6789977230e-02  3.3982341252e-03  -5.2045731233e-03  2.2127548415e-01  7.2526866288e-02  -6.2529487408e-03  -1.9011573217e-01  -9.6032086502e-02  2.3188025182e-01
-1.4448212409e-01  -5.7353892050e-02  4.8058272716e-02  2.4793503776e-01  -1.7231498910e-01  -1.0692460954e-01  -2.9515489344e-01  1.5851837067e-01  4.3676404614e-01  -4.7137576241e-02  -6.9463341300e-02  -6.2391411448e-03  2.3743040511e-02  7.2289700931e-02  4.6383225801e-02  -2.2040468951e-01  -2.6435410069e-02  9.4600712540e-02  -2.0447635647e-01  -2.9954974550e-01  -1.3961942689e-01  2.7448425415e-03  5.2529562032e-02  1.1305861787e-01  -2.1638583484e-01  -3.0011374620e-01  2.1618276624e-01  2.0380139053e-01  -8.2515681299e-02  1.0236851070e-01  7.8585813081e-02  -7.3535568986e-03  2.5052783815e-01  -9.9166972822e-02  -2.5580046144e-01  6.0471588999e-02  -1.1506948888e-01  1.4523981242e-02  -5.1204733805e-02  -1.1811997969e-01  3.9880715272e-02  -2.7595121540e-01  -3.1676425998e-01  3.5077610139e-02  -1.4506364633e-02  -3.0831716130e-01  7.8150474408e-02  -6.1672601423e-02  1.0242831260e-01  -1.6773245550e-03  1.6650446150e-01  -4.5273443682e-02  -2.7492896979e-01  4.0276364809e-01  4.0545875163e-03  2.7706665474e-02  -1.4148853543e-02  2.2396910557e-01  -1.6481684235e-01  -1.8738788138e-01  -6.9564343040e-02  2.9281318364e-02  -1.0448210624e-01  -1.6026585901e-01
-1.7025321107e-01  4.3517856135e-01  -1.8390547983e-02  -1.4159848427e-01  -2.1431215933e-01  4.3413389370e-01  1.5738007610e-02  -7.4478388897e-01  2.8971671017e-01  4.5813367854e-01  3.2967496206e-01  2.7367533899e-01  -3.3486994030e-01  -1.5370732401e-01  -3.5366032617e-01  -2.9243131079e-01  -1.7416777869e-01  2.2838309658e-01  8.0816913726e-02  3.4915025740e-01  -1.9460295818e-01  5.2964009549e-02  1.7168377952e-01  -1.3631169659e-02  -1.3988652150e-01  1.7744416804e-01  -2.9356868305e-01  8.6280997275e-03  -3.7347600686e-02  -4.2113632989e-01  -1.1524757910e-01  -4.3307992633e-01  -3.5099367939e-02  1.8094714822e-01  -2.3057557621e-01  -2.0083804123e-02  3.5247176986e-02  7.2359419075e-03  2.0902394050e-01  -1.6946911205e-01  -1.5113535641e-01  -3.4381179706e-01  -6.2348206246e-01  -3.1204867942e-01  -3.0238785318e-01  2.7892147892e-02  1.7521056121e-01  -6.4033805454e-02  1.3311545241e+00  -2.4404840381e-01  3.4451676386e-01  -1.1749062447e-01  1.0152287307e-02  6.8723615857e-03  3.7412436152e-02  2.1947524627e-01  -2.2374582487e-01  -3.2694495670e-01  -7.4176401955e-03  1.5595416054e-01  -1.1069004529e-01  4.5624309097e-01  1.2855710887e-01  6.1490324255e-01
-3.4062796499e-01  -1.4675032314e-01  2.9526815739e-02  1.0462177520e-01  1.7362347681e-01  1.5304657633e-01  1.0727562406e-02  1.3015078834e-01  -2.3746664210e-01  4.8217343775e-01  1.4052717311e-01  3.1242670965e-01  -5.2004837319e-01  -9.3560859530e-02  -2.5461159419e-02  -2.6987701966e-01  -6.9138997249e-02  2.4083191646e-01  1.1880769341e-01  2.6098411504e-01  -4.4006393951e-02  1.6328483389e-01  -1.0693197967e-01  -3.3894250002e-01  5.8999044077e-01  -2.2686526188e-01  9.4294829758e-02  -4.5146986213e-01  1.2123957312e-01  2.3357424717e-01  -1.5248139766e-01  -2.3589603039e-02  -2.0855044025e-01  2.1775606169e-01  -3.1932096489e-01  -1.8884992557e-01  5.7334421369e-02  1.2663142937e-01  6.5512479510e-01  2.2026424181e-01  1.7225040226e-01  1.5321488772e-01  -3.5198588718e-01  -1.0693909559e-01  1.3320901882e-03  -1.6498861065e-01  1.1361055674e-01  -1.2451521768e-02  -1.7941635631e-01  -2.1453431256e-01  2.0852311625e-02  1.0409629551e-03  -3.9137018618e-02  4.9866771341e-01  1.8001481752e-02  -9.1802882178e-02  3.0273382698e-01  -3.7618297098e-01  3.4901523698e-01  -3.5235397903e-02  -6.1027086041e-02  -7.4953878861e-02  1.1925802670e-01  -1.9510599566e-01
-3.2164545856e-01  -3.8192122162e-01  -6.9779997960e-02  4.0777986561e-01  -4.7336326258e-02  -3.8458073862e-01  6.5209130845e-01  -6.4771242857e-02  -1.2128956329e-01  2.0647680955e-02  3.5492535797e-01  1.4897833659e-01  -9.8180600310e-02  -3.8571933093e-02  -1.1232740959e-01  -1.7132353610e-01  2.0287571887e-02  2.1830923647e-01  -2.0256309840e-01  -2.2009518019e-01  4.0342564641e-02  1.3413685028e-01  -5.6289376531e-01  -3.3282892697e-01  2.0807890988e-02  5.7235555146e-02  2.3871652040e-01  1.2780983146e-01  -2.1055882405e-01  -1.8822332234e-01  -5.0148350330e-01  1.9076801520e-02  -1.1160003929e-01  3.3825602765e-01  -3.5935201840e-01  -2.1849348175e-01  -1.2835069119e-01  -4.1818244766e-02  3.7647787819e-01  2.8192015509e-01  8.0568580938e-01  -3.3136218331e-01  -8.6420137490e-02  -5.4125886134e-01  -1.5953268991e-01  -2.1502390861e-01  7.6983047457e-02  -1.1446538909e-01  4.9822064476e-02  4.1614457844e-02  -2.1206283367e-02  -8.1944436962e-02  -5.2361129185e-01  -3.2223212745e-02  1.1002816773e-01  2.2171363824e-01  1.7225005813e-01  -5.2973870449e-01  5.2757558563e-02  1.1757034066e-01  -2.5929047169e-01  -1.9278303409e-02  -1.5281298988e-01  -3.9775934472e-02
5.0576024978e-01  -1.2868704723e-01  -1.6956783907e-01  2.5831508832e-01  -2.4090453437e-02  -4.8847528971e-02  -3.5258529454e-01  2.2381525377e-01  -1.7223691045e-01  -2.2226879130e-01  7.9228969931e-02  1.1757407742e-01  -3.0801917703e-01  -2.5843150397e-01  4.4900373579e-01  -1.2572247994e-01  1.2748492990e-01  -2.6359700594e-01  -6.3701132505e-02  -2.3732689619e-01  -4.6821727337e-02  -3.5647497005e-01  1.1048708596e-01  1.4527093993e-01  2.5778173218e-02  1.4915776804e-01  -7.1994829263e-02  -1.2358328295e-01  -2.0872013867e-01  6.5876652211e-02  -2.6443851734e-01  2.2552160263e-01  2.5597226780e-02  -3.2132084219e-01  -7.8126659401e-02  -2.6516430421e-01  -1.2046504821e-01  -5.2104877281e-02  -1.5643347699e-02  3.1281899037e-01  6.8744351165e-03  3.7915264033e-01  -2.3401384107e-01  -1.2627840325e-01  4.2880640637e-02  4.0093680439e-01  4.4308781135e-01  -2.2002348125e-01  -5.9096311512e-02  -1.2398817077e-01  1.9844518924e-01  1.4179234309e-01  -9.4381158079e-03  3.8616474959e-01  2.1119421786e-01  -5.4951974415e-01  -5.4557221694e-01  1.9536436294e-01  1.7071468438e-03  3.4228027058e-01  -4.4522321559e-02  6.3723868187e-02  4.8567740618e-02  1.2293207204e-01
-2.1715918865e-01  -2.4901462827e-01  -3.8121674469e-01  1.9818217982e-01  -1.2451793136e-01  -2.3363667611e-01  2.4139333115e-03  2.2036109333e-01  6.9641800094e-03  -6.8662494464e-01  -5.2919034742e-01  5.9972060254e-02  -1.7227728206e-01  4.5077620890e-02  2.1284549144e-01  2.9719642540e-01  -2.9085469003e-01  1.8252267263e-01  -1.2408892359e-01  -6.2506250140e-01  -8.1664144199e-02  1.3152312292e-01  -2.2597320293e-01  -3.7344983417e-02  2.4171388968e-01  -3.1204188951e-01  -3.0117286256e-01  5.4011546313e-01  -1.9582128534e-03  -6.8628812546e-02  -1.0699013525e-01  6.2982890254e-01  -1.7699239552e-01  -1.9697211096e-01  3.2249592103e-01  3.4129687955e-01  3.0060840144e-01  7.0552760030e-02  2.2785901598e-01  -3.4004290610e-01  1.0471564968e-01  -4.1975502819e-01  7.0827398142e-01  2.6876512759e-02  4.5424166050e-01  -9.3220108468e-02  -2.4370360899e-01  2.7994313353e-01  -7.0299209599e-01  2.7798948020e-01  1.7728700537e-02  5.8758928240e-03  -2.6284211864e-02  -7.8286246030e-02  3.6539527442e-02  -7.4246504336e-02  1.4860757648e-01  -1.5199571343e-01  -5.0271822327e-01  3.2292116880e-02  4.9523628343e-02  -5.3410332253e-02  1.4900441461e-01  -2.0911948755e-01
1.4692769460e-01  3.4542076275e-02  3.0619894167e-01  -2.9278358289e-01  -4.6976965941e-02  -5.7569348121e-02  -2.2080611878e-01  -1.5512038139e-01  -3.9217626547e-02  9.6676679375e-02  -1.0815794848e-01  7.1214564883e-03  -1.0287559032e-01  -2.1666977243e-01  -2.3139623405e-02  2.3924041157e-01  6.1760368983e-02  -1.1013953104e-01  -1.0526736861e-02  -1.2437955319e-01  -2.2954875816e-01  -1.2179249297e-02  2.2251005902e-01  -2.2082274375e-01  -1.1479780833e-01  1.3533961535e-01  1.9817958841e-01  -3.4642430688e-01  -1.2282986498e-01  -4.1342819407e-01  -5.9703749128e-05  1.6167070044e-01  1.9115342164e-01  -1.9615816456e-01  -1.0569244133e-02  2.1492987642e-01  -8.9124273608e-02  -2.1573758056e-01  1.5941335479e-01  1.8104848289e-01  4.8676870966e-02  3.6439688062e-01  3.6838655205e-01  -1.2377607567e-01  -1.4642681585e-01  1.4883583181e-01  -1.8535624940e-01  -6.5909407262e-03  -1.2348083732e-01  -1.2533645819e-01  9.8619906429e-02  -2.0016002302e-01  -2.9253920730e-01  -3.5946567003e-01  -3.8193394696e-01  -2.3539057746e-01  -1.1390265550e-01  1.0869696252e-01  -1.3574235258e-01  2.6331581220e-01  2.5340599413e-02  -3.0564864538e-01  -2.9282565942e-01  1.9141984494e-01
-2.1448399352e-01  3.5314797512e-01  -4.2074710545e-01  3.4214585431e-02  -2.8573767677e-01  -3.6185571766e-01  4.1420790099e-02  3.5630219888e-02  -2.2973530275e-01  1.9381537325e-01  5.7579021360e-02  3.4025509900e-01  -2.6357393291e-01  2.0778019924e-01  1.2558727461e-02  -2.9733252028e-01  -1.5332591424e-01  9.9850673654e-03  -1.6174653407e-01  2.5311416950e-01  -8.6400250345e-02  -5.8065301713e-02  -2.3545824238e-01  -3.2893545296e-01  -8.3831876398e-02  -4.7210188487e-02  -2.1614229042e-01  -2.9959225705e-01  -3.0586390793e-01  -1.4259190782e-01  4.6916112060e-02  -3.4522408296e-01  2.7030716465e-03  1.6346574442e-01  -3.7772638393e-01  2.0229051242e-01  1.6650605040e-01  -1.9492688104e-01  -2.5116454916e-01  -5.5843585865e-02  4.0228945767e-01  3.1920232235e-02  -2.8380152656e-01  -2.0880526389e-01  3.1789106253e-01  9.2872698181e-02  -9.2623465283e-02  -2.9794621348e-01  1.2811575347e-01  4.1860627402e-03  3.3692474803e-02  -2.1632065517e-01  -1.4740259597e-01  1.7139993781e-02  1.4479114571e-01  -1.3376897751e-01  2.6030440211e-01  -8.9109076700e-02  -4.0759806123e-02  -3.6784328477e-01  -3.8164864061e-01  -1.1784294632e-01  2.2173992137e-01  -6.7593186361e-02
-3.4007745925e-01  -9.1194819012e-02  1.9420758616e-02  1.5558392809e-02  1.3935866235e-01  1.2622116052e-02  -1.0509817155e-01  -1.3490888792e-01  -1.9364020592e-01  1.0504356511e-01  -1.9713120347e-01  -1.1327256088e-01  4.9332107100e-02  -1.2345523997e-01  -1.9360769391e-02  9.5369139641e-02  -1.0275212005e-01  2.1727645321e-01  -2.1387986295e-01  2.6604107050e-01  7.9163493617e-02  1.2714686476e-01  9.3569113084e-02  -6.6515809689e-02  -2.9797002072e-03  4.8280545146e-02  1.2770116309e-01  1.5215755113e-01  -5.1240539155e-03  -3.2283949428e-02  -1.1516754432e-01  -3.2579528468e-02  -1.1731769137e-01  -2.4888586222e-01  -2.1394515415e-02  -1.8646495175e-02  1.5137780896e-01  3.5151832048e-02  -1.7608087526e-01  2.2002282090e-01  -2.8685601826e-01  -3.3706774565e-01  -8.1153119312e-02  -8.2023777848e-02  -4.6126016146e-02  -2.1894053306e-01  1.1910973466e-01  -9.1598277419e-02  -1.3059825257e-01  3.0071596732e-02  -9.6178279183e-02  -1.8993575209e-01  -7.2520067976e-02  2.7353428012e-01  -3.5734094874e-01  -2.8182756273e-01  -9.7485888723e-02  2.6757383627e-01  -2.2910904141e-01  1.4022589460e-01  6.7991213805e-02  2.0329666528e-01  -1.1459623782e-01  9.0147969544e-02
2.4928876551e-01  8.7366053608e-03  6.2974820727e-01  1.6374177159e-01  1.8663119831e-01  1.9411573114e-01  -6.6595710408e-02  2.0784200281e-01  4.9765659949e-01  -2.9388321647e-01  -3.0917932620e-02  -4.4229100607e-02  2.4305303397e-01  2.3149661620e-01  -8.8148443247e-02  4.8740184116e-02  -3.9993833773e-01  3.9265124511e-01  -1.5350060299e-01  -5.3200495062e-01  -9.5014113442e-02  -2.7593770577e-01  -2.9833266089e-01  -3.0718916455e-01  6.2006426923e-02  1.0336352817e-01  2.3542632367e-01  8.7361858082e-02  -6.2586290294e-02  1.4800975690e-01  -1.1983294192e-01  1.3939188332e-01  2.1867179443e-01  -1.5623898495e-01  1.7932953012e-01  2.4338245785e-01  -2.5313800367e-01  6.4787472508e-03  -3.5269487107e-03  1.5021424999e-01  4.2153527728e-02  1.7933167982e-01  3.1342640992e-01  3.2434882241e-01  -4.7779487541e-01  -2.8374305322e-02  -2.5352715365e-01  2.1608127828e-01  -2.6158903573e-01  3.4609451344e-01  1.5222862066e-01  5.6562458722e-01  1.5002421530e-02  1.9508209158e-02  5.8168646690e-02  3.1609514452e-01  5.7286765783e-02  6.3474158775e-02  -3.2352636189e-01  4.5486024720e-01  2.2220024266e-01  -2.5534210066e-01  3.0597627155e-01  8.6792753404e-02
-2.5928157828e-01  -2.6268885289e-01  2.2001972086e-01  9.8941724744e-02  3.3939132638e-01  4.2388849068e-03  3.5347662517e-01  -1.8658307489e-01  -1.3825368113e-01  -2.3183863530e-01  1.6149443205e-01  1.9476119076e-01  -6.9746802158e-02  -2.1548714249e-01  2.2253339624e-01  2.7344116809e-02  2.0140776632e-01  -2.1334922674e-02  -4.4714124544e-02  3.9920297247e-01  -4.1098031249e-01  -2.3703575005e-03  1.3812218213e-01  2.0464345436e-01  -6.5099384017e-02  4.2012875723e-01  7.9100484462e-03  -6.0166571743e-02  -1.3705842363e-02  -1.2715823448e-01  2.6957063417e-01  1.5738362615e-01  -2.0432201746e-01  -8.6885771673e-02  -7.0516018129e-02  1.6625884698e-01  -3.9452081370e-01  -6.2935032781e-02  -1.4009141867e-01  -3.2947192138e-01  -3.4214114382e-01  1.2803050941e-01  -1.8524427594e-01  -1.7534789356e-02  -4.5655419521e-01  -1.1445546188e-01  3.8541973930e-02  -3.6797896421e-01  -5.5322875021e-02  -3.7436626583e-02  2.1478380619e-01  -3.0177525153e-01  1.7403797003e-01  -4.0169244668e-02  6.1275330980e-03  -9.4166175691e-02  -1.2005757590e-01  -2.8206519476e-01  1.0821636028e-01  -1.8002889131e-01  -1.3058066075e-01  -6.7730999120e-02  -4.0799296184e-03  -1.1522040712e-01
3.0312426868e-01  1.1946303918e-02  -1.5150148788e-01  -3.3441183566e-01  -3.8021956787e-02  -8.1848261921e-02  -2.1154419981e-01  4.4560514009e-02  -2.3277985354e-01  -5.5874230926e-02  1.0443677572e-01  -1.1593183344e-01  9.4140979707e-02  -2.5753246901e-01  1.5658060841e-01  -2.8291556977e-01  9.8410732809e-02  1.6514376868e-01  -2.3967155155e-01  -3.0515007186e-02  -4.1110071896e-01  1.5013892822e-02  3.1161928730e-01  -2.9119404529e-02  8.4733968895e-02  6.4929979930e-01  1.4272076180e-01  3.0863545705e-02  9.1974616233e-02  -1.2946298402e-01  1.6028185957e-01  -6.4767238740e-02  -1.1844356553e-01  -2.0309524798e-01  3.4846466462e-02  2.1892095299e-01  -1.5167579169e-01  -1.3090719900e-01  3.5132001550e-01  2.3041310010e-01  1.4599320403e-02  5.9569243707e-03  -1.8204371717e-01  6.5839341684e-03  -3.0362565786e-01  2.6606034888e-01  3.4087025881e-01  -2.4531715758e-01  -4.6568065881e-02  -9.2892913474e-02  8.5179324238e-01  -1.4639110134e-01  5.2196872164e-02  2.7023386501e-01  2.3913143111e-01  -2.0147919883e-01  -3.0498897189e-01  -2.6790476995e-01  7.0204121089e-03  1.6937208247e-01  -4.1487224036e-01  -9.9239001723e-02  2.1621055903e-01  -1.7098232559e-01
-6.9923163262e-02  -3.0987849000e-01  -3.2540344339e-02  -1.6434618427e-01  -9.9721251623e-02  -7.4932737778e-02  8.9294136385e-02  -3.2589297542e-02  3.1033170292e-01  -2.3541927065e-02  -2.6965872234e-01  -1.6149405127e-01  1.1511844902e-01  1.2486289606e-01  -1.9268606900e-02  1.5909204963e-03  5.4243822928e-04  8.7814593954e-02  -3.7874090827e-02  -2.6719896415e-01  -8.2338566898e-02  -5.7138747307e-02  -1.4538811097e-01  -1.2903640968e-01  2.9359587361e-02  -8.7955692809e-02  9.1639804291e-02  2.8304501045e-01  1.4025689747e-01  2.7527135714e-02  -2.6621554185e-01  8.5840102198e-02  -5.3335464749e-02  1.8973567049e-01  -2.0283447576e-01  2.1873265204e-01  -8.2376350890e-02  -1.5566796376e-01  2.4142658351e-01  -5.4673909821e-02  -7.1771266085e-02  -1.3483891463e-01  -2.6712563031e-02  -8.5378499382e-02  2.4826378476e-03  -5.1777153719e-02  -8.1563304857e-02  -1.7122421623e-01  5.0797767136e-02  -1.6556398673e-03  6.1790079686e-02  1.8111116676e-01  -4.2903541355e-02  -2.6310594032e-02  1.2997273178e-01  -1.1436459438e-01  4.5275242269e-02  5.4226948862e-02  -3.5052681180e-01  5.4116729962e-02  6.1622500791e-02  -7.1581430627e-02  1.8082301913e-01  2.4984470767e-01
2.3254927224e-01  -2.8408018016e-01  -1.0790789342e-01  8.0103718675e-02  -1.5589889426e-01  -1.0435914196e-01  2.1312776366e-01  8.0764522998e-02  -1.1458536371e-01  1.3549754950e-01  3.1882295629e-02  1.6727372069e-01  -7.4530859199e-02  3.4289738285e-01  -1.5604387118e-01  2.2594921127e-01  -1.0982008972e-01  3.9200926799e-02  -3.7066897808e-01  6.7161495579e-02  3.2042270738e-01  1.2060200094e-01  -2.1899236821e-01  3.6317461462e-01  8.5704764520e-02  -2.7954479494e-01  1.4527587842e-01  1.3505058015e-01  2.2857033407e-01  -8.6846121062e-02  1.5261727987e-02  3.2516403553e-01  4.9633541350e-02  8.9425540156e-02  -6.4760104198e-02  -1.4040627925e-01  2.6163355654e-01  1.9868027188e-01  1.6222907118e-02  -5.7827215544e-02  7.4463220011e-02  -1.6831079533e-01  -5.2416208294e-02  6.7170028185e-02  2.5299481867e-02  1.7430208675e-01  2.2876383660e-02  5.0407866306e-02  -2.1622977806e-01  1.1883326808e-01  -5.6577322249e-02  7.4946840136e-02  -5.7063532372e-01  -1.2375238441e-01  -1.2213524937e-01  -7.3697524366e-03  4.6923456801e-01  6.3134127695e-02  -1.3928181422e-01  -9.1456458790e-02  3.4211904061e-01  -2.1557130620e-01  5.7369810917e-02  -7.3422857573e-02
2 64
-2.3427922166e-02  -1.4608174183e-01  -3.9585939816e-02  -7.0038577119e-02  1.9903541698e-01  -4.4983406777e-02  6.9013820771e-02  4.4302457257e-02  -1.1701067217e-01  -1.6103571618e-02  1.7986520784e-01  5.4354685830e-02  -4.1395820160e-02  -2.2548960708e-01  -3.7515250900e-06  3.7021045065e-02  -1.6477535276e-04  -5.5971065063e-05  -1.9395163122e-01  1.6489278657e-02  -6.5533884187e-03  -2.7395405892e-01  -5.1603341151e-02  1.0771024504e-02  1.4396259990e-04  -6.5240060526e-02  8.7556703026e-02  -7.9295684209e-05  9.5682229407e-02  -5.8063151627e-02  1.6522880513e-04  -1.5712909583e-05  2.1089112405e-02  9.7623837554e-02  1.0656132183e-02  -2.3443518314e-01  1.1807790005e-01  -5.7417195014e-02  -4.7546324068e-02  1.5357870954e-04  -1.1957362501e-04  -2.7425771078e-02  -9.0819195643e-02  1.3767896320e-01  -5.9863994177e-02  5.5516912512e-02  -5.3613058178e-02  1.5380243198e-01  2.5593459956e-01  -7.4459577361e-02  1.1985414689e-01  1.1868284035e-04  -3.0326932085e-02  5.9040653816e-02  -1.9828452088e-02  2.3211062271e-01  2.2786654882e-01  1.4393583023e-01  -1.0214568802e-01  5.7363552865e-05  3.2340852526e-02  -7.5751197026e-03  1.2037162690e-02  1.4908214618e-03
5.0343590372e-02  8.8738973927e-02  -1.8428348941e-02  1.7823077520e-02  6.0402782076e-02  2.4263264455e-01  5.9918399180e-02  9.6586546172e-02  1.0920659981e-01  3.1263571042e-02  -1.3071478628e-01  5.3752151403e-02  -1.1444185467e-01  -1.6877347382e-02  8.7947416676e-05  7.0808734411e-02  -5.5622676559e-05  -2.2292204372e-05  -2.2763911334e-01  2.1130687670e-02  3.0260742380e-02  -1.0737095937e-01  -6.8302643608e-02  7.9384187363e-02  -1.9749901013e-04  8.1954196572e-02  -2.3753001591e-01  -5.8609731927e-05  9.8874198526e-02  2.4243400318e-03  -3.2082141553e-04  1.6900503219e-04  -3.1581878205e-02  1.2177928760e-01  1.4294014742e-02  -1.7745972729e-02  1.3965655679e-01  -8.4729036274e-02  3.9327387584e-02  -1.5857181163e-04  -4.9793892254e-05  3.1488280440e-02  1.0478343676e-01  -2.2105380037e-02  -6.9411173134e-02  4.2171966366e-02  2.0208663219e-02  -1.8136939415e-01  4.1380466494e-01  -4.3998929677e-03  -2.3543225737e-01  1.4693435182e-04  -2.2038507165e-01  -7.9348177971e-02  2.1639025636e-02  -1.3064244836e-01  -3.2940178830e-02  3.2428591513e-02  3.0385997552e-02  3.6899152191e-07  -3.4968725420e-02  1.5854394892e-01  6.5931436029e-02  -1.3198383974e-03
2.9699750985e-01  2.2889638906e-01
-8.8820826426e-01  4.0028701418e+00
7.7383890958e-01  2.3073716153e+00
-2.2541288768e+00  -2.0373401450e+00
1.0926737753e-01  2.1043379685e-01
